0.010
0.009
0.009
0.014
0.009
0.010
0.010
0.009
0.009
0.009
0.010
0.014
0.011
0.010
0.010
0.010
0.095
0.068
0.035
0.045
0.036
0.066
0.017
0.062
0.056
0.043
0.045
0.045
0.027
0.062
0.053
0.041
0.274
0.059
0.092
0.078
0.059
0.056
0.079
0.058
0.087
0.078
0.060
0.069
0.079
0.086
0.030
0.065
0.059
0.060
0.264
0.083
0.032
0.038
0.031
0.055
0.263
0.177
0.073
0.068
0.059
0.064
0.081
0.077
0.105
0.062
0.058
0.081
0.103
0.073
0.048
0.058
0.059
0.083
0.248
0.073
0.048
0.052
0.055
0.083
0.315
0.080
0.092
0.056
0.060
0.085
0.093
0.088
0.088
0.054
0.066
0.088
0.093
0.086
0.060
0.055
0.066
0.085
0.164
0.088
