6.086
6.079
6.061
6.055
6.050
6.052
6.060
6.062
6.073
6.074
6.069
6.100
6.063
6.060
6.053
6.078
6.051
6.125
6.042
6.025
6.028
6.031
5.987
6.072
6.037
6.051
6.060
6.093
6.071
6.124
6.088
6.086
5.932
5.942
5.886
5.978
6.043
6.067
6.093
6.050
6.029
6.033
6.090
6.093
6.130
6.155
6.132
6.209
6.655
6.185
6.133
6.150
6.164
6.193
6.229
6.168
6.195
6.146
6.123
6.209
6.243
6.190
6.172
6.171
6.493
6.402
6.618
6.521
6.243
6.356
6.362
6.454
6.653
6.568
6.570
6.413
6.384
6.474
6.345
6.515
6.689
6.455
6.580
6.525
6.556
6.536
6.324
6.358
6.548
6.489
6.651
6.507
6.283
6.338
6.348
6.474
6.693
6.640
6.745
6.411
