0.054
0.016
0.011
0.003
0.004
0.008
0.007
0.008
0.009
0.012
0.009
0.009
0.008
0.007
0.007
0.013
0.023
0.011
0.050
0.015
0.016
0.019
0.018
0.010
0.016
0.015
0.015
0.017
0.020
0.015
0.008
0.012
0.026
0.025
0.020
0.021
0.020
0.020
0.016
0.024
0.025
0.020
0.023
0.023
0.022
0.020
0.020
0.018
0.053
0.036
0.021
0.025
0.028
0.026
0.099
0.033
0.028
0.031
0.026
0.025
0.097
0.033
0.027
0.026
0.027
0.026
0.051
0.035
0.028
0.027
0.029
0.026
0.043
0.035
0.036
0.027
0.029
0.028
0.098
0.033
0.035
0.033
0.030
0.028
0.100
0.033
0.027
0.026
0.029
0.028
0.041
0.035
0.035
0.029
0.029
0.027
0.044
0.036
0.036
0.030
