10.608
10.598
10.584
10.575
10.594
10.586
10.582
10.577
10.758
10.527
10.523
10.524
10.518
10.518
10.555
10.506
9.202
10.331
10.181
10.070
9.624
9.444
9.434
9.798
9.797
9.732
10.283
9.947
9.857
10.000
9.783
9.789
10.636
9.877
9.685
10.019
5.254
9.984
9.993
9.899
8.351
9.923
9.004
9.858
10.280
9.711
9.540
9.981
8.802
9.491
10.649
10.328
10.198
10.092
10.081
10.060
10.256
10.308
8.289
9.834
9.989
10.000
9.947
9.794
8.258
9.570
8.819
9.980
9.884
9.756
9.786
9.591
9.246
9.836
9.932
9.640
9.705
9.418
9.768
9.815
9.834
9.658
8.315
9.060
9.351
9.603
9.589
9.611
8.602
9.072
9.207
9.594
9.572
9.520
9.633
9.506
8.644
9.030
9.729
9.322
