0.352
0.351
0.327
0.341
0.307
0.298
0.274
0.272
0.274
0.313
0.325
0.308
0.302
0.290
0.282
0.304
0.319
0.301
0.319
0.304
0.285
0.278
0.280
0.289
0.265
0.257
0.258
0.249
0.259
0.271
0.257
0.263
0.285
0.269
0.280
0.288
0.280
0.268
0.260
0.257
0.278
0.261
0.263
0.252
0.250
0.234
0.235
0.238
0.197
0.241
0.246
0.234
0.227
0.236
0.250
0.251
0.247
0.236
0.241
0.250
0.232
0.222
0.267
0.245
0.256
0.243
0.203
0.204
0.230
0.245
0.228
0.232
0.215
0.208
0.212
0.217
0.232
0.233
0.227
0.214
0.235
0.238
0.239
0.239
0.241
0.237
0.243
0.246
0.240
0.246
0.234
0.229
0.231
0.223
0.222
0.219
0.186
0.202
0.190
0.196
