0.018
0.017
0.012
0.011
0.012
0.011
0.012
0.012
0.014
0.015
0.013
0.018
0.013
0.014
0.015
0.019
0.025
0.032
0.025
0.021
0.024
0.023
0.015
0.028
0.024
0.024
0.022
0.025
0.022
0.027
0.022
0.023
0.104
0.096
0.049
0.051
0.023
0.024
0.041
0.074
0.031
0.047
0.025
0.024
0.039
0.068
0.058
0.054
0.126
0.051
0.093
0.092
0.063
0.055
0.056
0.049
0.081
0.091
0.063
0.055
0.056
0.042
0.041
0.088
0.093
0.077
0.123
0.106
0.067
0.089
0.086
0.083
0.119
0.104
0.102
0.090
0.084
0.086
0.069
0.081
0.121
0.091
0.090
0.086
0.088
0.080
0.062
0.070
0.088
0.088
0.102
0.079
0.052
0.063
0.061
0.088
0.103
0.090
0.106
0.064
