0.952
0.946
0.945
0.943
0.949
0.945
0.944
0.942
0.948
0.945
0.944
0.943
0.949
0.946
0.945
0.944
0.955
0.950
0.949
0.947
0.953
0.949
0.948
0.946
0.952
0.949
0.948
0.946
0.951
0.948
0.947
0.945
0.956
0.951
0.950
0.948
0.953
0.949
0.948
0.946
0.951
0.947
0.945
0.943
0.949
0.945
0.943
0.942
0.954
0.949
0.948
0.946
0.951
0.948
0.946
0.945
0.951
0.947
0.946
0.944
0.950
0.946
0.945
0.943
0.955
0.949
0.948
0.945
0.952
0.947
0.946
0.944
0.951
0.947
0.946
0.944
0.951
0.947
0.945
0.943
0.955
0.949
0.948
0.946
0.952
0.948
0.947
0.945
0.952
0.948
0.947
0.945
0.952
0.948
0.947
0.945
0.956
0.950
0.949
0.947
