0.068
0.014
0.011
0.006
0.006
0.017
0.009
0.009
0.008
0.017
0.010
0.008
0.016
0.010
0.010
0.011
0.213
0.009
0.009
0.007
0.009
0.008
0.008
0.009
0.009
0.008
0.008
0.009
0.009
0.009
0.016
0.014
0.014
0.013
0.013
0.010
0.024
0.024
0.023
0.013
0.019
0.009
0.011
0.011
0.013
0.013
0.013
0.013
0.021
0.021
0.023
0.021
0.013
0.016
0.025
0.026
0.022
0.016
0.015
0.015
0.016
0.016
0.017
0.017
0.125
0.016
0.022
0.044
0.063
0.063
0.064
0.069
0.068
0.069
0.069
0.070
0.071
0.064
0.025
0.027
0.069
0.071
0.070
0.070
0.069
0.067
0.069
0.069
0.068
0.067
0.068
0.068
0.067
0.063
0.062
0.058
0.107
0.072
0.071
0.063
