0.064
0.064
0.008
0.027
0.020
0.030
0.028
0.032
0.034
0.031
0.033
0.027
0.051
0.053
0.050
0.048
0.057
0.051
0.059
0.050
0.056
0.057
0.032
0.042
0.048
0.052
0.043
0.049
0.051
0.053
0.053
0.071
0.138
0.088
0.091
0.091
0.074
0.079
0.090
0.082
0.086
0.065
0.066
0.075
0.078
0.085
0.080
0.082
0.109
0.093
0.090
0.084
0.080
0.066
0.069
0.074
0.059
0.073
0.063
0.057
0.054
0.056
0.056
0.050
0.109
0.088
0.081
0.084
0.084
0.085
0.078
0.082
0.078
0.084
0.082
0.071
0.078
0.073
0.076
0.070
0.095
0.091
0.085
0.075
0.069
0.065
0.065
0.065
0.071
0.070
0.076
0.073
0.068
0.071
0.064
0.063
0.210
0.151
0.125
0.189
