0.092
0.105
0.104
0.103
0.100
0.096
0.103
0.092
0.089
0.083
0.077
0.081
0.088
0.080
0.080
0.080
0.133
0.119
0.125
0.124
0.117
0.107
0.105
0.110
0.143
0.141
0.142
0.145
0.198
0.158
0.175
0.184
0.140
0.137
0.133
0.148
0.184
0.160
0.145
0.142
0.145
0.133
0.130
0.119
0.103
0.117
0.154
0.126
0.129
0.132
0.100
0.121
0.117
0.115
0.113
0.112
0.106
0.103
0.086
0.096
0.101
0.102
0.106
0.107
0.126
0.129
0.126
0.128
0.127
0.126
0.111
0.108
0.100
0.103
0.097
0.096
0.110
0.110
0.112
0.112
0.098
0.102
0.085
0.077
0.087
0.100
0.083
0.084
0.082
0.075
0.072
0.072
0.072
0.071
0.086
0.085
0.221
0.081
0.120
0.165
