8.488
8.428
8.492
7.834
7.623
7.468
5.952
6.180
6.289
7.009
8.377
7.291
7.411
5.873
6.319
6.808
8.383
7.299
7.916
7.887
7.194
7.403
7.513
7.550
7.504
7.970
7.430
7.374
7.362
7.090
6.726
7.202
6.027
7.376
8.371
7.875
7.781
7.870
7.912
7.695
8.298
7.811
7.389
7.748
7.865
7.848
7.730
7.778
7.555
7.827
6.251
8.047
7.767
7.774
7.798
7.792
5.814
8.027
8.742
7.935
7.877
7.770
7.818
8.007
8.039
7.481
7.412
7.240
7.551
7.864
7.780
8.025
8.231
7.806
7.863
7.861
7.651
7.936
7.835
7.751
9.039
8.548
8.269
8.113
7.754
7.755
7.820
8.545
8.420
8.455
8.197
7.956
8.205
8.632
8.191
8.426
7.626
7.640
8.396
8.263
