10.120
10.227
10.268
10.312
10.240
10.098
10.472
9.833
9.799
9.656
9.601
10.203
10.069
9.994
10.133
10.066
8.711
8.683
8.749
8.725
8.676
8.580
8.615
8.530
9.017
9.097
9.365
9.405
10.485
9.027
9.145
9.653
7.384
9.278
8.768
8.241
8.861
8.582
8.560
8.284
7.907
8.003
7.719
8.122
7.841
7.819
9.857
8.298
8.766
8.141
7.828
8.892
8.586
7.728
7.826
8.705
8.557
8.290
8.031
8.038
8.035
8.033
8.075
8.203
8.026
7.709
8.326
8.437
8.433
8.315
8.112
8.100
8.068
8.032
7.902
7.957
8.110
7.958
8.043
8.117
7.714
7.853
6.983
6.984
7.847
8.021
7.894
7.796
7.890
7.961
7.901
7.890
7.791
7.982
7.863
7.915
12.556
7.955
8.860
10.627
