5.165
5.137
5.125
5.146
5.132
5.130
5.127
5.045
5.074
5.066
5.095
5.100
5.096
5.093
5.088
5.084
6.184
5.084
5.296
5.388
5.153
5.149
5.140
5.141
5.275
5.371
5.246
5.096
5.081
5.077
5.049
5.236
5.327
5.096
5.930
4.988
4.994
5.214
5.124
5.016
5.766
4.915
5.043
5.142
5.053
4.946
4.844
4.847
5.092
5.096
5.107
4.903
4.798
4.809
4.804
5.050
5.048
4.874
5.575
4.765
4.761
4.785
4.789
4.755
6.413
4.914
4.948
4.748
4.748
4.714
4.649
4.766
4.924
4.729
4.899
4.706
4.666
4.750
4.669
4.696
5.327
4.694
6.311
4.828
5.019
4.762
4.823
4.682
6.337
4.817
4.889
4.767
4.816
4.698
4.637
4.748
5.060
4.753
5.205
4.963
