0.031
0.014
0.021
0.012
0.021
0.016
0.018
0.019
0.020
0.019
0.016
0.011
0.014
0.018
0.049
0.019
0.499
0.065
0.028
0.104
0.063
0.087
0.017
0.053
0.028
0.076
0.025
0.089
0.023
0.023
0.017
0.072
0.028
0.089
0.493
0.021
0.022
0.069
0.058
0.063
0.477
0.024
0.088
0.077
0.065
0.070
0.031
0.026
0.131
0.099
0.040
0.071
0.038
0.028
0.028
0.081
0.037
0.067
0.490
0.037
0.028
0.034
0.067
0.069
0.509
0.044
0.115
0.125
0.092
0.090
0.056
0.059
0.117
0.079
0.088
0.079
0.053
0.055
0.035
0.066
0.096
0.073
0.154
0.060
0.036
0.070
0.089
0.070
0.151
0.057
0.110
0.078
0.079
0.085
0.050
0.048
0.117
0.076
0.088
0.084
