0.030
0.030
0.025
0.028
0.004
0.017
0.013
0.013
0.046
0.026
0.021
0.021
0.018
0.017
0.022
0.023
0.054
0.024
0.052
0.019
0.042
0.042
0.043
0.027
0.039
0.035
0.046
0.025
0.027
0.023
0.032
0.035
0.076
0.026
0.033
0.037
0.150
0.042
0.036
0.031
0.067
0.034
0.054
0.038
0.098
0.072
0.024
0.038
0.052
0.064
0.169
0.152
0.083
0.041
0.051
0.055
0.092
0.154
0.070
0.082
0.052
0.057
0.045
0.092
0.065
0.069
0.051
0.055
0.040
0.087
0.052
0.069
0.063
0.053
0.087
0.097
0.059
0.064
0.046
0.053
0.091
0.097
0.063
0.072
0.076
0.054
0.042
0.093
0.083
0.080
0.065
0.054
0.041
0.093
0.058
0.050
0.099
0.076
0.091
0.083
