9.133
9.134
9.136
9.136
9.141
9.147
9.139
9.124
9.140
9.131
9.140
9.147
9.156
9.139
9.145
9.147
8.951
9.012
9.412
9.115
9.087
9.109
9.077
9.066
9.471
9.136
9.119
9.115
9.045
9.214
9.080
9.092
9.258
9.132
9.019
9.274
9.112
9.114
9.142
9.131
9.033
9.275
9.488
9.107
9.108
9.113
9.115
9.283
9.922
10.175
9.245
9.293
9.114
9.573
9.217
10.172
9.354
9.357
9.318
9.629
9.193
10.154
9.271
9.196
9.286
9.619
9.564
9.284
9.294
9.279
9.096
9.484
9.549
9.582
9.353
9.270
9.094
9.446
9.444
9.559
9.426
9.240
9.298
9.629
9.631
9.636
9.632
9.644
9.329
9.619
9.583
9.599
9.428
9.431
9.195
9.618
9.713
9.681
9.427
9.420
