0.159
0.159
0.157
0.079
0.120
0.109
0.104
0.117
0.100
0.162
0.159
0.120
0.118
0.119
0.118
0.118
0.089
0.101
0.097
0.101
0.106
0.111
0.108
0.106
0.107
0.105
0.106
0.105
0.101
0.093
0.109
0.106
0.150
0.127
0.128
0.133
0.131
0.115
0.124
0.126
0.128
0.118
0.102
0.106
0.125
0.121
0.134
0.132
0.247
0.101
0.104
0.117
0.132
0.128
0.187
0.185
0.107
0.123
0.121
0.113
0.117
0.124
0.106
0.106
0.119
0.117
0.113
0.101
0.106
0.106
0.114
0.120
0.112
0.104
0.108
0.110
0.113
0.112
0.118
0.105
0.177
0.176
0.167
0.152
0.135
0.141
0.139
0.152
0.160
0.145
0.139
0.141
0.136
0.134
0.143
0.143
0.130
0.140
0.162
0.144
