0.014
0.011
0.011
0.012
0.013
0.012
0.012
0.006
0.008
0.008
0.011
0.012
0.012
0.012
0.012
0.012
0.093
0.019
0.034
0.038
0.026
0.026
0.026
0.027
0.036
0.042
0.036
0.027
0.027
0.028
0.027
0.039
0.081
0.045
0.093
0.030
0.036
0.053
0.047
0.044
0.088
0.030
0.038
0.052
0.046
0.043
0.027
0.029
0.056
0.055
0.080
0.051
0.027
0.030
0.030
0.054
0.054
0.040
0.086
0.031
0.030
0.033
0.033
0.029
0.137
0.050
0.055
0.042
0.034
0.031
0.026
0.036
0.054
0.039
0.050
0.036
0.031
0.036
0.030
0.030
0.104
0.040
0.136
0.048
0.065
0.042
0.047
0.039
0.133
0.045
0.054
0.043
0.047
0.038
0.031
0.040
0.095
0.047
0.087
0.065
