12.184
12.177
9.511
7.668
8.051
7.833
8.184
8.095
7.651
7.871
7.806
7.665
7.795
8.031
8.011
7.723
11.042
7.662
12.103
8.711
8.538
8.683
9.487
8.236
8.302
8.545
9.009
8.587
8.801
8.660
7.720
7.719
8.990
8.562
8.524
8.661
8.427
7.715
7.823
7.966
7.957
8.560
8.241
8.221
8.100
8.047
7.984
8.114
11.112
10.922
10.868
8.215
8.396
8.249
8.293
8.350
10.834
10.075
10.367
10.410
10.352
8.396
8.151
8.391
10.413
10.453
9.916
8.675
8.147
8.681
8.238
8.302
9.913
8.677
8.907
8.898
8.813
8.815
8.795
8.570
9.952
9.526
9.552
9.724
9.285
8.893
8.519
9.511
9.801
10.030
10.143
9.129
9.024
9.494
9.264
9.923
9.880
10.250
10.187
10.608
