7.415
7.437
3.753
5.443
4.699
4.891
4.813
5.424
5.135
5.237
5.325
5.511
6.167
6.303
6.249
6.212
5.864
5.702
6.445
5.998
6.282
6.309
5.153
5.775
5.911
6.053
5.969
6.057
6.091
6.024
6.369
6.570
7.310
6.345
6.422
6.592
6.047
6.539
6.570
6.525
6.434
6.409
6.155
6.393
6.259
6.211
6.478
6.319
8.816
7.229
7.543
7.426
7.506
7.803
7.919
7.912
7.315
7.477
7.826
7.789
7.367
7.433
7.456
7.423
8.579
8.370
8.299
8.321
8.305
8.296
8.041
8.140
8.146
8.015
7.885
8.111
7.830
7.440
7.554
7.880
7.166
7.964
8.017
7.415
7.574
7.235
7.412
7.430
7.983
7.073
7.259
7.314
7.675
8.081
8.006
7.865
8.981
9.098
9.094
9.186
