0.159
0.124
0.130
0.131
0.127
0.122
0.124
0.123
0.124
0.125
0.122
0.123
0.123
0.120
0.119
0.125
0.168
0.146
0.145
0.154
0.119
0.120
0.119
0.132
0.125
0.127
0.127
0.111
0.088
0.107
0.104
0.086
0.251
0.186
0.165
0.164
0.169
0.166
0.126
0.135
0.133
0.145
0.164
0.159
0.156
0.155
0.092
0.105
0.357
0.202
0.203
0.205
0.179
0.171
0.178
0.177
0.173
0.176
0.174
0.164
0.159
0.174
0.152
0.164
0.429
0.162
0.325
0.317
0.280
0.346
0.312
0.308
0.297
0.292
0.268
0.297
0.297
0.292
0.162
0.289
0.289
0.277
0.273
0.280
0.256
0.249
0.246
0.248
0.274
0.270
0.256
0.250
0.249
0.244
0.302
0.284
0.282
0.243
0.238
0.247
