0.016
0.011
0.020
0.012
0.020
0.011
0.012
0.011
0.014
0.012
0.015
0.012
0.014
0.011
0.015
0.011
0.014
0.011
0.017
0.011
0.018
0.011
0.357
0.227
0.110
0.011
0.015
0.011
0.040
0.025
0.019
0.011
0.431
0.081
0.428
0.240
0.015
0.010
0.071
0.018
0.048
0.027
0.031
0.013
0.014
0.011
0.422
0.240
0.013
0.010
0.044
0.013
0.040
0.014
0.038
0.013
0.043
0.015
0.417
0.241
0.130
0.016
0.107
0.019
0.205
0.041
0.128
0.027
0.291
0.055
0.373
0.267
0.153
0.022
0.111
0.021
0.070
0.030
0.134
0.020
0.270
0.050
0.373
0.269
0.062
0.019
0.117
0.022
0.071
0.030
0.138
0.020
0.263
0.110
0.336
0.263
0.064
0.019
0.122
0.022
0.104
0.021
0.144
0.022
0.262
0.110
0.329
0.262
0.151
0.022
0.127
0.023
0.124
0.026
0.135
0.022
0.258
0.049
0.282
0.264
0.149
0.022
0.157
0.042
0.071
0.030
0.436
0.356
0.385
0.098
0.354
0.287
0.053
0.019
0.158
0.043
0.137
0.039
0.428
0.357
0.256
0.110
0.191
0.270
0.053
0.018
0.156
0.043
0.132
0.027
0.452
0.366
0.262
0.113
0.189
0.274
0.159
0.025
0.157
0.043
0.154
0.032
0.455
0.371
0.374
0.098
0.214
0.286
0.215
0.123
0.182
0.050
0.153
0.041
0.461
0.378
0.372
0.098
0.251
0.311
0.251
0.312
0.188
0.053
0.158
0.042
0.469
0.376
0.288
0.110
0.253
0.318
0.520
0.352
0.198
0.054
0.223
0.056
0.479
0.375
