0.961
0.959
0.958
0.957
0.959
0.957
0.957
0.956
0.958
0.957
0.956
0.955
0.958
0.957
0.956
0.955
0.961
0.959
0.958
0.957
0.960
0.958
0.957
0.956
0.959
0.958
0.957
0.956
0.959
0.958
0.956
0.956
0.961
0.959
0.959
0.958
0.960
0.959
0.958
0.958
0.960
0.959
0.958
0.957
0.959
0.958
0.957
0.956
0.961
0.959
0.958
0.957
0.960
0.958
0.958
0.956
0.960
0.958
0.957
0.956
0.959
0.957
0.957
0.956
0.961
0.959
0.959
0.958
0.961
0.959
0.958
0.957
0.961
0.959
0.958
0.958
0.960
0.959
0.957
0.957
0.961
0.960
0.959
0.958
0.961
0.959
0.958
0.957
0.960
0.958
0.957
0.956
0.960
0.958
0.956
0.955
0.961
0.959
0.958
0.956
