0.909
0.902
0.902
0.899
0.906
0.901
0.899
0.897
0.906
0.901
0.900
0.898
0.906
0.902
0.900
0.897
0.910
0.905
0.902
0.901
0.909
0.904
0.902
0.900
0.909
0.905
0.904
0.902
0.910
0.906
0.904
0.901
0.912
0.906
0.905
0.903
0.912
0.907
0.905
0.903
0.913
0.908
0.907
0.904
0.912
0.907
0.906
0.903
0.913
0.908
0.906
0.906
0.913
0.907
0.907
0.905
0.914
0.908
0.907
0.904
0.913
0.907
0.907
0.904
0.915
0.909
0.908
0.906
0.915
0.910
0.909
0.907
0.915
0.910
0.909
0.907
0.915
0.910
0.908
0.906
0.915
0.909
0.909
0.907
0.916
0.910
0.908
0.906
0.915
0.909
0.909
0.907
0.915
0.909
0.908
0.906
0.916
0.909
0.910
0.909
