40.800
39.698
39.554
39.193
40.202
39.429
39.347
39.028
40.115
39.486
39.338
39.069
40.189
39.479
39.406
39.136
41.064
40.101
39.858
39.543
40.612
39.833
39.700
39.388
40.574
39.823
39.597
39.342
40.468
39.633
39.560
39.190
41.186
40.050
39.919
39.484
40.558
39.712
39.553
39.166
40.328
39.563
39.316
38.957
40.115
39.293
39.099
38.800
40.950
39.790
39.673
39.298
40.428
39.593
39.469
39.178
40.378
39.513
39.486
39.104
40.330
39.447
39.293
39.012
41.075
39.782
39.699
39.232
40.507
39.602
39.511
39.126
40.366
39.573
39.385
39.090
40.329
39.588
39.385
39.032
41.070
39.825
39.680
39.312
40.553
39.653
39.543
39.197
40.493
39.617
39.464
39.123
40.448
39.575
39.388
39.043
41.188
39.906
39.712
39.273
