38.978
38.388
38.338
38.007
38.571
38.161
37.994
37.737
38.415
38.044
37.900
37.651
38.370
38.005
37.867
37.624
38.980
38.390
38.286
37.981
38.705
38.249
38.158
37.918
38.585
38.247
38.062
37.882
38.516
38.154
37.927
37.749
39.012
38.518
38.241
38.042
38.697
38.394
38.056
37.970
38.571
38.316
38.002
37.830
38.499
38.145
37.786
37.630
38.984
38.434
38.195
38.051
38.759
38.334
38.097
37.933
38.671
38.240
38.012
37.846
38.581
38.231
38.008
37.853
39.038
38.528
38.383
38.225
38.865
38.429
38.115
38.038
38.762
38.472
38.051
38.102
38.728
38.411
37.924
38.002
39.037
38.564
38.116
38.038
38.812
38.284
37.855
37.788
38.737
38.219
37.753
37.617
38.597
38.111
37.704
37.519
38.975
38.309
37.989
37.772
