4.384
3.426
3.389
3.345
3.348
3.527
3.397
3.351
3.327
3.476
3.375
3.345
3.554
3.465
3.453
3.463
7.936
3.366
3.367
3.344
3.402
3.392
3.415
3.435
3.502
3.492
3.491
3.478
3.486
3.491
3.576
3.551
3.503
3.482
3.481
3.470
3.587
3.583
3.607
3.569
3.587
3.463
3.491
3.481
3.485
3.472
3.469
3.462
3.730
3.738
3.763
3.736
3.492
3.539
3.603
3.601
3.553
3.541
3.534
3.543
3.555
3.549
3.556
3.555
6.912
3.542
3.564
4.152
4.737
4.738
4.759
4.821
4.885
4.993
5.086
5.099
5.024
4.717
3.808
3.811
5.208
5.102
5.102
5.124
5.180
5.155
5.101
5.093
5.106
5.080
5.128
5.068
5.078
5.037
5.009
4.927
6.368
5.073
5.073
5.037
