0.540
0.538
0.230
0.088
0.184
0.110
0.171
0.147
0.077
0.106
0.087
0.086
0.104
0.161
0.141
0.091
0.376
0.091
0.535
0.204
0.180
0.175
0.200
0.110
0.128
0.185
0.197
0.164
0.192
0.177
0.104
0.102
0.196
0.167
0.169
0.180
0.139
0.104
0.109
0.112
0.108
0.165
0.128
0.121
0.115
0.108
0.106
0.112
0.508
0.487
0.464
0.125
0.146
0.136
0.140
0.156
0.462
0.423
0.338
0.363
0.374
0.152
0.117
0.137
0.324
0.348
0.364
0.154
0.111
0.189
0.108
0.129
0.366
0.154
0.200
0.199
0.197
0.206
0.190
0.192
0.352
0.247
0.263
0.255
0.221
0.204
0.147
0.262
0.263
0.271
0.266
0.217
0.181
0.264
0.251
0.264
0.338
0.340
0.400
0.349
