8.228
8.293
8.327
8.324
8.343
8.345
8.375
8.393
8.403
8.387
8.389
8.359
8.321
8.324
8.339
8.360
8.338
8.329
8.222
8.292
8.279
8.289
8.273
8.246
8.256
8.264
8.278
8.284
8.288
8.272
8.321
8.320
8.357
8.327
8.317
8.326
8.329
8.332
8.276
8.314
8.307
8.297
8.294
8.303
8.288
8.292
8.228
8.240
8.145
8.287
8.334
8.314
8.332
8.291
9.781
8.269
8.315
8.310
8.304
8.293
9.794
8.252
8.275
8.272
8.291
8.296
8.119
8.239
8.290
8.303
8.324
8.317
8.139
8.231
8.248
8.289
8.304
8.295
9.780
8.195
8.201
8.230
8.232
8.268
9.763
8.194
8.247
8.264
8.261
8.299
8.116
8.211
8.225
8.241
8.243
8.263
8.092
8.186
8.195
8.240
