0.119
0.119
0.119
0.112
0.110
0.111
0.112
0.132
0.128
0.106
0.104
0.104
0.104
0.104
0.107
0.110
0.204
0.133
0.094
0.096
0.134
0.109
0.106
0.080
0.082
0.091
0.088
0.089
0.096
0.076
0.081
0.079
0.122
0.085
0.176
0.109
0.079
0.097
0.088
0.088
0.084
0.083
0.078
0.078
0.076
0.085
0.083
0.081
0.347
0.123
0.126
0.104
0.080
0.105
0.248
0.240
0.114
0.117
0.082
0.087
0.242
0.230
0.207
0.190
0.100
0.091
0.081
0.233
0.212
0.212
0.203
0.121
0.122
0.116
0.120
0.200
0.134
0.118
0.134
0.113
0.161
0.146
0.102
0.111
0.129
0.123
0.207
0.135
0.145
0.110
0.115
0.125
0.165
0.167
0.162
0.155
0.340
0.303
0.238
0.239
