0.058
0.003
0.007
0.006
0.008
0.006
0.008
0.011
0.008
0.008
0.008
0.008
0.009
0.008
0.008
0.008
0.038
0.027
0.033
0.026
0.030
0.024
0.022
0.023
0.031
0.026
0.019
0.024
0.023
0.029
0.021
0.026
0.043
0.036
0.038
0.033
0.024
0.030
0.030
0.027
0.034
0.035
0.038
0.031
0.030
0.029
0.028
0.035
0.044
0.035
0.036
0.035
0.031
0.034
0.024
0.028
0.035
0.037
0.034
0.034
0.028
0.032
0.271
0.036
0.100
0.032
0.031
0.032
0.264
0.041
0.031
0.031
0.030
0.028
0.030
0.044
0.033
0.027
0.028
0.027
0.036
0.045
0.052
0.028
0.028
0.029
0.264
0.038
0.039
0.029
0.028
0.029
0.256
0.037
0.032
0.028
0.028
0.030
0.031
0.038
