8.769
8.769
8.758
7.697
8.057
7.945
7.862
8.151
7.910
8.657
8.676
8.149
8.111
8.127
8.153
8.229
8.683
8.564
8.600
8.236
8.647
8.708
8.716
8.771
8.803
8.805
8.820
8.838
8.772
8.635
8.780
8.794
9.432
9.053
9.084
9.091
9.106
8.938
8.973
9.015
9.073
8.966
8.757
8.820
9.173
9.110
9.437
9.445
8.759
8.863
8.560
8.820
9.151
9.355
9.902
9.770
8.529
8.782
9.074
8.909
8.668
8.700
8.761
8.616
9.170
9.023
9.027
8.718
8.928
8.872
9.068
9.078
9.016
8.965
9.017
9.109
9.137
9.135
8.806
8.868
8.840
8.867
8.851
9.076
8.966
8.941
9.024
9.063
9.084
8.972
8.935
8.938
8.953
8.942
9.016
9.012
9.002
9.204
8.891
8.865
