0.006
0.006
0.006
0.006
0.007
0.008
0.006
0.003
0.005
0.004
0.006
0.006
0.006
0.006
0.005
0.005
0.050
0.029
0.092
0.006
0.008
0.011
0.014
0.022
0.092
0.011
0.005
0.010
0.017
0.048
0.010
0.011
0.024
0.013
0.053
0.058
0.014
0.015
0.017
0.019
0.054
0.058
0.095
0.015
0.029
0.017
0.018
0.052
0.140
0.159
0.029
0.045
0.018
0.101
0.030
0.159
0.050
0.048
0.057
0.099
0.025
0.156
0.039
0.032
0.036
0.095
0.089
0.030
0.033
0.031
0.014
0.087
0.088
0.093
0.049
0.032
0.015
0.077
0.077
0.093
0.048
0.030
0.039
0.096
0.095
0.099
0.098
0.098
0.038
0.095
0.091
0.091
0.059
0.059
0.023
0.095
0.115
0.113
0.048
0.059
