0.202
0.033
0.084
0.016
0.109
0.020
0.107
0.020
0.006
0.008
0.013
0.009
0.024
0.010
0.022
0.009
0.024
0.010
0.021
0.009
0.026
0.010
0.587
0.386
0.457
0.041
0.025
0.011
0.077
0.011
0.023
0.009
0.060
0.016
0.595
0.389
0.206
0.034
0.058
0.015
0.098
0.018
0.055
0.014
0.060
0.015
0.598
0.387
0.206
0.034
0.099
0.019
0.061
0.015
0.146
0.028
0.154
0.028
0.607
0.386
0.460
0.048
0.103
0.020
0.263
0.043
0.210
0.037
0.066
0.015
0.432
0.374
0.469
0.048
0.107
0.021
0.122
0.021
0.186
0.036
0.198
0.037
0.434
0.372
0.206
0.036
0.208
0.036
0.323
0.053
0.192
0.036
0.173
0.032
0.433
0.375
0.200
0.039
0.218
0.040
0.223
0.042
0.237
0.085
0.173
0.034
0.433
0.376
0.464
0.379
0.212
0.038
0.217
0.040
0.240
0.085
0.189
0.038
0.516
0.391
0.526
0.391
0.356
0.050
0.314
0.059
0.228
0.086
0.585
0.486
0.508
0.396
0.193
0.041
0.330
0.061
0.326
0.065
0.237
0.088
0.173
0.038
0.522
0.401
0.194
0.041
0.334
0.060
0.214
0.045
0.235
0.087
0.370
0.157
0.532
0.402
0.516
0.400
0.322
0.057
0.256
0.045
0.402
0.220
0.581
0.496
0.528
0.407
0.523
0.406
0.323
0.060
0.322
0.070
0.393
0.219
0.449
0.252
0.523
0.414
0.202
0.047
0.330
0.064
0.347
0.063
0.396
0.223
0.382
0.161
0.519
0.407
0.237
0.063
0.300
0.063
0.260
0.047
0.406
0.228
