0.178
0.163
0.170
0.119
0.104
0.091
0.007
0.022
0.027
0.099
0.164
0.087
0.088
0.006
0.031
0.094
0.171
0.088
0.148
0.128
0.072
0.095
0.093
0.094
0.082
0.114
0.080
0.087
0.085
0.068
0.056
0.084
0.380
0.084
0.164
0.104
0.101
0.098
0.115
0.104
0.156
0.102
0.070
0.091
0.110
0.108
0.089
0.102
0.096
0.102
0.397
0.124
0.094
0.096
0.100
0.103
0.368
0.123
0.172
0.110
0.101
0.098
0.099
0.120
0.137
0.086
0.064
0.062
0.084
0.111
0.093
0.107
0.120
0.073
0.079
0.086
0.081
0.096
0.100
0.091
0.280
0.210
0.140
0.130
0.102
0.102
0.099
0.213
0.184
0.165
0.126
0.096
0.141
0.214
0.138
0.160
0.131
0.129
0.220
0.206
