0.042
0.042
0.041
0.009
0.002
0.008
0.002
0.014
0.004
0.004
0.008
0.004
0.005
0.003
0.004
0.004
0.024
0.006
0.043
0.018
0.012
0.012
0.011
0.012
0.031
0.095
0.011
0.016
0.016
0.014
0.037
0.094
0.098
0.030
0.045
0.037
0.052
0.105
0.017
0.026
0.045
0.036
0.042
0.109
0.033
0.028
0.017
0.030
0.040
0.108
0.095
0.033
0.034
0.030
0.051
0.108
0.090
0.033
0.047
0.048
0.051
0.109
0.032
0.028
0.048
0.045
0.043
0.109
0.033
0.033
0.071
0.045
0.042
0.110
0.089
0.033
0.074
0.044
0.052
0.098
0.085
0.044
0.044
0.046
0.054
0.099
0.031
0.044
0.044
0.046
0.044
0.106
0.032
0.044
0.075
0.034
0.049
0.103
0.084
0.063
