6.000
6.002
6.014
6.085
6.025
6.036
6.041
6.039
6.042
6.050
6.071
6.138
6.088
6.085
6.098
6.110
6.562
6.612
6.395
6.424
6.429
6.526
6.213
6.557
6.470
6.326
6.382
6.388
6.263
6.496
6.443
6.307
6.960
6.361
6.401
6.494
6.472
6.448
6.694
6.413
6.473
6.522
6.496
6.467
6.639
6.562
6.237
6.463
6.453
6.452
6.960
6.561
6.257
6.316
6.262
6.436
6.990
6.826
6.305
6.448
6.254
6.301
6.544
6.397
6.873
6.417
6.322
6.496
6.765
6.405
6.381
6.434
6.407
6.504
7.093
6.392
6.359
6.420
6.361
6.491
7.648
6.467
6.683
6.477
6.551
6.540
6.771
6.648
6.768
6.432
6.443
6.468
6.536
6.559
6.495
6.459
6.480
6.628
6.953
6.614
