7.000
7.651
7.028
7.657
7.045
7.647
6.980
7.662
6.981
7.659
6.983
7.659
6.976
7.655
6.980
7.655
6.963
7.664
6.981
7.662
6.978
7.666
9.626
9.177
7.661
7.666
6.972
7.669
7.261
7.793
7.018
7.668
9.451
8.217
10.261
9.233
6.957
7.676
7.299
7.685
7.312
7.818
7.073
7.683
6.981
7.689
10.219
9.254
6.955
7.685
7.140
7.690
7.105
7.693
7.099
7.700
7.138
7.703
10.185
9.266
7.738
7.688
7.569
7.730
7.915
7.916
7.520
7.795
8.440
8.085
9.228
9.627
7.843
7.766
7.577
7.785
7.401
7.909
7.770
7.792
8.443
8.087
9.256
9.677
7.206
7.776
7.623
7.828
7.418
7.911
7.793
7.808
8.440
8.121
9.048
9.610
7.288
7.721
7.692
7.768
7.539
7.781
7.820
7.767
8.442
8.089
9.012
9.548
7.844
7.756
7.700
7.784
7.666
7.827
7.744
7.778
8.345
8.095
8.660
9.581
7.790
7.789
7.831
7.899
7.410
7.897
9.602
8.108
9.163
8.570
9.207
9.804
7.210
7.670
7.890
7.786
7.781
7.871
9.526
8.063
8.415
8.040
8.050
9.399
7.225
7.663
7.907
7.788
7.703
7.748
9.734
8.153
8.508
8.071
8.087
9.401
7.881
7.739
7.914
7.810
7.834
7.791
9.742
8.252
9.047
8.637
8.201
9.599
8.217
8.401
8.046
7.823
7.928
7.850
9.856
8.289
9.108
8.616
8.360
9.904
8.374
9.953
8.108
7.951
7.997
7.976
9.905
8.321
8.748
8.145
8.439
10.063
10.231
10.349
8.209
8.021
8.337
8.080
9.912
8.314
