7.990
7.704
7.346
7.608
7.509
7.621
7.502
7.628
6.927
7.654
7.013
7.649
7.034
7.627
7.033
7.629
7.033
7.645
7.006
7.637
7.018
7.639
8.932
8.611
8.321
8.008
7.031
7.645
7.153
7.659
7.028
7.638
7.251
7.683
8.995
8.631
7.961
7.780
7.211
7.672
7.274
7.748
7.196
7.685
7.222
7.688
9.017
8.591
7.959
7.776
7.403
7.682
7.208
7.691
7.624
7.787
7.685
7.772
9.110
8.566
8.520
8.084
7.408
7.712
8.211
7.848
7.926
7.859
7.226
7.719
8.548
8.324
8.610
8.117
7.425
7.756
7.375
7.809
7.822
7.921
7.874
7.904
8.600
8.265
7.928
7.854
7.906
7.910
8.727
8.111
7.869
7.936
7.795
7.886
8.574
8.349
7.929
7.894
8.003
7.920
8.044
7.947
8.472
8.368
7.782
7.874
8.586
8.316
8.814
8.328
7.960
7.924
7.997
7.973
8.454
8.379
7.789
7.941
9.082
8.476
9.179
8.482
8.434
8.150
8.590
8.203
8.381
8.419
10.438
9.817
9.040
8.477
7.827
7.883
8.489
8.140
8.682
8.225
8.451
8.378
7.751
7.888
9.133
8.519
7.855
7.899
8.588
8.159
7.972
7.984
8.462
8.355
9.205
8.943
9.215
8.548
9.147
8.503
8.476
8.098
8.215
7.890
9.357
9.169
10.449
9.891
9.189
8.639
9.192
8.588
8.473
8.101
8.724
8.225
9.351
9.170
9.333
9.037
9.095
8.686
7.982
8.054
8.526
8.270
8.693
8.261
9.411
9.309
9.352
9.087
9.027
8.660
8.235
8.184
8.397
8.286
8.382
8.177
9.479
9.415
