8.447
8.457
8.453
8.432
8.418
8.453
8.437
8.516
8.457
8.359
8.346
8.349
8.325
8.349
8.347
8.395
8.697
8.704
8.254
8.296
8.942
8.375
8.355
8.242
8.253
8.231
8.183
8.208
8.246
8.146
8.184
8.171
8.608
8.309
8.076
7.895
8.246
8.364
8.283
8.350
8.304
8.350
8.325
8.280
8.307
8.342
8.354
8.336
10.589
8.698
8.740
8.598
8.332
8.382
10.551
9.036
8.641
8.650
8.363
8.500
10.578
10.446
10.198
9.788
8.543
8.469
8.477
10.417
10.316
9.990
9.938
8.689
8.780
8.748
8.701
10.098
9.069
8.718
8.943
8.866
8.403
8.428
8.385
8.368
8.582
8.699
10.075
8.772
8.771
8.410
8.561
8.589
9.701
9.717
9.488
9.514
9.327
9.179
10.282
10.307
