8.754
7.913
8.256
8.262
8.132
8.136
8.141
8.103
8.123
8.130
8.183
8.179
8.090
8.098
7.969
8.108
8.277
8.247
8.293
8.288
7.929
7.932
7.933
8.029
8.018
8.020
7.912
7.872
7.418
7.737
7.769
7.622
8.676
8.268
8.133
8.189
8.162
8.152
7.896
7.921
8.088
8.166
8.201
8.137
8.201
8.195
7.428
7.836
9.540
8.231
8.304
8.458
8.033
8.236
8.310
8.268
8.233
8.183
8.185
8.308
8.282
8.276
8.157
8.084
9.823
8.317
9.348
9.324
8.950
9.880
9.177
9.486
9.529
9.034
8.936
9.501
9.245
9.345
7.975
9.033
9.284
9.167
9.150
9.104
9.076
9.074
9.096
9.096
9.234
9.249
9.111
9.034
9.085
9.024
9.490
9.316
9.268
9.024
8.937
9.116
