34.034
31.926
31.481
30.870
32.740
31.358
31.065
30.732
32.705
31.298
31.152
30.750
32.637
31.359
31.089
30.763
33.986
31.852
31.497
30.992
32.775
31.374
31.271
30.837
32.761
31.505
31.216
30.820
32.754
31.398
31.139
30.596
33.973
31.887
31.439
30.999
32.799
31.504
31.171
30.766
32.813
31.516
31.113
30.649
32.754
31.381
31.066
30.773
33.958
31.861
31.384
31.039
32.761
31.314
31.173
30.744
32.767
31.211
31.006
30.623
32.705
31.250
30.955
30.522
33.965
31.737
31.262
30.962
32.817
31.378
31.193
30.880
32.796
31.394
31.256
30.859
32.757
31.275
31.081
30.673
33.960
31.654
31.273
31.018
32.863
31.321
31.268
30.749
32.824
31.244
31.208
30.907
32.757
31.187
31.024
30.805
34.026
31.637
31.349
31.053
