0.221
0.226
0.069
0.081
0.092
0.078
0.034
0.034
0.023
0.018
0.043
0.044
0.030
0.024
0.023
0.031
0.227
0.176
0.196
0.035
0.082
0.116
0.112
0.085
0.174
0.120
0.123
0.137
0.139
0.141
0.139
0.117
0.188
0.150
0.145
0.135
0.179
0.153
0.136
0.114
0.116
0.111
0.124
0.106
0.102
0.109
0.108
0.099
0.202
0.113
0.110
0.109
0.112
0.115
0.115
0.130
0.119
0.116
0.141
0.136
0.139
0.136
0.149
0.149
0.208
0.137
0.139
0.156
0.151
0.138
0.129
0.140
0.135
0.124
0.140
0.148
0.151
0.123
0.134
0.129
0.129
0.137
0.117
0.119
0.098
0.105
0.110
0.110
0.117
0.106
0.157
0.122
0.119
0.103
0.110
0.108
0.132
0.143
0.124
0.103
