12.545
12.555
12.493
12.381
12.385
12.307
11.960
11.805
12.156
12.595
12.599
12.484
12.542
12.037
12.115
12.636
11.702
11.876
12.377
12.298
12.034
11.708
11.586
12.078
11.818
11.797
11.721
11.360
11.542
12.028
12.154
12.100
9.963
10.393
10.839
11.067
10.936
11.731
11.800
10.886
11.100
11.024
11.121
11.029
11.039
10.727
10.810
10.882
9.922
10.872
10.785
10.870
10.655
10.783
10.699
10.681
10.808
10.756
10.982
11.191
10.910
10.763
11.549
11.170
9.824
11.197
10.520
10.323
10.260
10.482
10.984
11.195
10.381
10.334
10.202
10.224
11.143
11.166
11.289
10.388
10.569
10.470
10.990
11.472
11.444
11.353
10.358
10.783
10.912
11.565
10.613
10.733
11.008
11.239
11.350
11.349
11.440
11.293
11.230
11.162
