10.281
10.389
10.458
10.575
10.542
10.559
10.525
10.469
10.406
10.468
10.466
10.578
10.589
10.490
10.633
10.525
12.489
10.238
10.531
10.779
10.888
10.930
10.688
10.332
10.830
11.146
10.836
11.006
10.772
10.681
10.580
10.917
10.470
10.824
12.306
10.581
10.611
10.896
10.608
10.648
12.969
10.584
10.795
10.930
10.844
10.927
10.746
10.727
11.640
11.497
11.113
11.234
11.006
10.979
10.999
11.295
11.077
11.112
13.529
10.927
10.815
10.728
10.857
10.807
13.483
10.908
11.313
11.448
10.955
10.898
10.764
10.750
11.040
12.796
12.788
11.264
10.935
10.629
10.545
12.158
12.415
11.199
11.736
11.039
10.397
12.157
10.587
11.128
11.685
10.985
11.081
11.928
10.712
10.845
10.839
10.881
10.328
11.806
12.402
10.726
