6.754
6.745
6.731
6.094
5.928
6.038
5.900
6.154
5.914
5.915
5.937
5.906
5.900
5.831
5.875
5.844
6.073
5.870
6.608
6.107
5.976
5.987
5.961
5.970
6.343
6.522
5.948
6.068
6.077
6.086
6.293
6.483
7.324
6.284
6.517
6.493
6.554
6.790
6.066
6.246
6.528
6.495
6.560
6.830
6.429
6.273
6.067
6.364
6.566
6.771
7.217
6.252
6.371
6.327
6.475
6.764
7.193
6.273
6.530
6.569
6.537
6.881
6.398
6.369
6.600
6.586
6.666
6.985
6.536
6.554
6.838
6.627
6.676
7.009
7.189
6.595
6.858
6.618
6.703
6.828
6.943
6.633
6.626
6.597
6.573
6.665
6.352
6.546
6.562
6.569
6.524
6.708
6.332
6.530
6.698
6.435
6.718
6.833
6.805
6.699
