0.058
0.018
0.058
0.018
0.058
0.018
0.056
0.018
0.057
0.018
0.057
0.018
0.055
0.018
0.056
0.018
0.032
0.016
0.043
0.016
0.046
0.016
0.041
0.016
0.046
0.016
0.031
0.016
0.049
0.017
0.045
0.016
0.176
0.037
0.041
0.018
0.058
0.021
0.087
0.028
0.101
0.028
0.105
0.028
0.079
0.024
0.059
0.019
0.075
0.024
0.088
0.027
0.089
0.027
0.104
0.028
0.121
0.039
0.099
0.027
0.048
0.013
0.074
0.020
0.121
0.026
0.115
0.025
0.170
0.033
0.163
0.033
0.059
0.018
0.074
0.023
0.101
0.027
0.108
0.030
0.167
0.034
0.163
0.032
0.090
0.025
0.078
0.021
0.104
0.024
0.095
0.023
0.123
0.038
0.161
0.032
0.101
0.027
0.119
0.029
0.120
0.028
0.115
0.028
0.133
0.038
0.140
0.029
0.069
0.017
0.076
0.019
0.103
0.023
0.110
0.026
0.158
0.034
0.131
0.029
0.065
0.018
0.073
0.020
0.074
0.020
0.101
0.025
0.165
0.038
0.157
0.035
0.154
0.036
0.125
0.031
0.075
0.022
0.089
0.024
0.085
0.031
0.152
0.037
0.149
0.037
0.141
0.034
0.136
0.034
0.147
0.061
0.103
0.036
0.232
0.144
0.062
0.019
0.088
0.026
0.158
0.038
0.151
0.064
0.157
0.039
0.230
0.147
0.119
0.034
0.122
0.035
0.070
0.023
0.142
0.066
0.151
0.043
0.229
0.153
0.148
0.043
0.165
0.047
0.189
0.052
0.193
0.084
0.095
0.038
0.234
0.155
0.332
0.070
0.177
0.042
0.215
0.048
0.236
0.060
