7.235
7.636
7.219
7.641
7.238
7.635
7.222
7.640
7.229
7.642
7.211
7.641
7.196
7.641
7.197
7.638
7.060
7.676
7.115
7.651
7.121
7.649
7.087
7.652
7.139
7.650
7.068
7.681
7.148
7.637
7.134
7.653
7.823
7.859
7.098
7.713
7.203
7.729
7.360
7.767
7.463
7.780
7.449
7.790
7.343
7.751
7.196
7.714
7.326
7.732
7.360
7.767
7.359
7.772
7.414
7.800
7.581
7.825
7.411
7.801
7.126
7.675
7.280
7.719
7.513
7.679
7.461
7.724
7.701
7.857
7.684
7.841
7.193
7.745
7.278
7.774
7.428
7.857
7.442
7.824
7.698
7.899
7.703
7.864
7.369
7.783
7.309
7.790
7.447
7.833
7.460
7.824
7.609
7.893
7.701
7.893
7.492
7.798
7.547
7.843
7.539
7.859
7.507
7.838
7.657
7.836
7.653
7.831
7.281
7.730
7.327
7.765
7.440
7.799
7.434
7.830
7.604
7.949
7.543
7.868
7.216
7.765
7.245
7.799
7.269
7.790
7.410
7.836
7.679
7.752
7.683
7.761
7.667
7.778
7.562
7.766
7.341
7.708
7.377
7.705
7.375
7.692
7.654
7.820
7.650
7.798
7.631
7.781
7.579
7.775
7.667
7.801
7.532
7.731
8.611
8.575
7.272
7.659
7.405
7.715
7.736
7.807
7.707
7.834
7.755
7.833
8.630
8.620
7.581
7.738
7.610
7.757
7.412
7.625
7.713
7.852
7.762
7.894
8.640
8.672
7.721
7.947
7.858
8.015
7.980
8.092
8.002
8.168
7.598
7.875
8.683
8.773
8.840
8.371
7.975
8.021
8.204
8.142
8.497
8.391
