12.618
12.357
8.303
8.469
8.753
8.633
8.024
7.967
7.488
7.354
7.789
7.733
7.664
7.594
7.563
7.537
11.747
10.098
11.069
7.833
8.648
9.701
9.738
8.950
10.314
8.774
8.865
9.220
9.626
9.093
8.945
8.999
9.361
9.524
9.683
9.604
10.371
9.941
9.288
9.102
9.338
9.721
9.940
9.989
9.802
9.777
9.765
9.672
12.354
9.858
9.938
10.122
10.155
10.393
10.466
11.080
10.591
10.644
11.396
11.394
11.421
11.458
11.533
11.388
10.137
10.714
10.731
11.307
11.504
11.285
11.225
11.589
11.574
11.542
11.523
11.156
11.614
11.099
11.238
11.262
9.290
9.500
9.857
9.671
9.394
9.618
9.849
9.607
10.017
9.713
9.950
9.926
9.887
9.542
9.654
9.165
11.057
10.333
10.647
10.430
