4.650
4.169
4.194
4.190
4.200
4.188
4.205
4.219
4.200
4.203
4.199
4.197
4.216
4.197
4.196
4.195
4.439
4.372
4.507
4.420
4.462
4.397
4.386
4.389
4.491
4.424
4.319
4.391
4.380
4.413
4.343
4.420
4.413
4.437
4.422
4.441
4.361
4.450
4.463
4.427
4.402
4.407
4.519
4.437
4.458
4.435
4.415
4.404
4.634
4.481
4.519
4.504
4.458
4.514
4.354
4.431
4.508
4.512
4.494
4.500
4.404
4.468
7.567
4.518
5.239
4.481
4.475
4.468
7.496
4.598
4.443
4.469
4.495
4.448
4.476
4.637
4.528
4.452
4.466
4.448
4.476
4.635
4.724
4.450
4.469
4.450
7.475
4.592
4.617
4.468
4.486
4.475
7.390
4.589
4.521
4.467
4.482
4.499
4.514
4.615
