0.501 2.664 1.167 4.332
0.287 0.128 0.01 0.425
0.294 0.191 0.065 0.55
0.291 0.158 0.312 0.761
0.443 0.434 0.656 1.533
0.292 0.15 0.089 0.531
0.299 0.192 0.644 1.135
0.293 0.173 0.033 0.499
0.404 0.615 0.023 1.042
0.286 0.136 0.019 0.441
0.279 0.185 0.012 0.476
0.311 0.173 0.022 0.506
0.4 0.61 0.024 1.034
0.293 0.139 0.023 0.455
0.299 0.168 0.011 0.478
0.295 0.158 0.039 0.492
0.506 2.594 0.034 3.134
0.263 0.126 0.021 0.41
0.307 0.193 0.011 0.511
0.253 0.167 0.026 0.446
0.392 0.629 0.044 1.065
0.229 0.138 0.027 0.394
0.267 0.176 0.011 0.455
0.265 0.171 0.029 0.465
0.397 0.578 0.024 0.999
0.26 0.139 0.024 0.423
0.305 0.165 0.011 0.481
0.26 0.166 0.021 0.447
0.415 0.523 0.036 0.974
0.289 0.141 0.026 0.456
0.292 0.199 0.015 0.506
0.302 0.174 0.035 0.511
0.49 2.242 0.033 2.765
0.28 0.131 0.025 0.436
0.276 0.207 0.012 0.495
0.283 0.175 0.01 0.468
0.386 0.593 0.04 1.019
0.253 0.143 0.025 0.421
0.266 0.169 0.011 0.446
0.277 0.165 0.01 0.452
0.39 0.586 0.036 1.012
0.287 0.13 0.025 0.442
0.269 0.206 0.011 0.486
0.298 0.174 0.01 0.482
0.41 0.551 0.035 0.996
0.282 0.136 0.022 0.44
0.284 0.184 0.012 0.48
0.303 0.165 0.054 0.522
0.493 2.401 0.044 2.938
0.28 0.133 0.042 0.455
0.277 0.199 0.01 0.486
0.263 0.174 0.011 0.448
0.388 0.621 0.04 1.049
0.283 0.136 0.034 0.453
0.286 0.191 0.012 0.489
0.306 0.171 0.009 0.486
0.409 0.592 0.036 1.037
0.289 0.147 0.032 0.468
0.303 0.199 0.011 0.513
0.294 0.172 0.011 0.477
0.399 0.629 0.027 1.055
0.282 0.147 0.02 0.449
0.28 0.212 0.011 0.503
0.276 0.154 0.028 0.458
0.497 2.516 0.036 3.049
0.287 0.133 0.013 0.433
0.289 0.206 0.011 0.506
0.297 0.174 0.01 0.481
0.388 0.633 0.024 1.045
0.269 0.141 0.018 0.428
0.29 0.198 0.011 0.499
0.282 0.177 0.011 0.47
0.4 0.539 0.033 0.972
0.277 0.149 0.019 0.445
0.261 0.192 0.012 0.465
0.301 0.175 0.019 0.495
0.399 0.576 0.024 0.999
0.284 0.142 0.017 0.443
0.3 0.197 0.011 0.508
0.288 0.174 0.009 0.471
0.493 2.299 0.048 2.84
0.278 0.137 0.01 0.425
0.276 0.201 0.01 0.487
0.283 0.17 0.011 0.464
0.361 0.611 0.033 1.005
0.279 0.132 0.018 0.429
0.302 0.217 0.012 0.531
0.297 0.173 0.024 0.494
0.402 0.62 0.025 1.047
0.28 0.141 0.008 0.429
0.31 0.231 0.012 0.553
0.293 0.183 0.01 0.486
0.413 0.607 0.023 1.043
0.289 0.142 0.01 0.441
0.277 0.186 0.01 0.473
0.295 0.166 0.011 0.472
0.485 2.558 0.036 3.079
0.274 0.131 0.01 0.415
0.249 0.186 0.01 0.445
0.267 0.183 0.01 0.46
