0.101 0.115 0.017 0.233
0.106 0.096 0.013 0.215
0.145 0.229 0.525 0.899
0.082 0.099 0.013 0.194
0.102 0.112 0.015 0.229
0.098 0.119 0.016 0.234
0.136 0.131 0.017 0.284
0.084 0.099 0.014 0.197
0.101 0.109 0.016 0.226
0.095 0.086 0.013 0.194
0.138 0.112 0.022 0.272
0.085 0.084 0.013 0.182
0.103 0.095 0.013 0.211
0.095 0.092 0.014 0.201
0.138 0.12 0.016 0.274
0.087 0.081 0.012 0.18
0.103 0.1 0.014 0.217
0.098 0.084 0.013 0.195
0.142 0.214 0.014 0.37
0.082 0.079 0.011 0.172
0.1 0.099 0.014 0.213
0.097 0.088 0.013 0.198
0.134 0.125 0.016 0.275
0.085 0.084 0.012 0.181
0.103 0.094 0.015 0.212
0.093 0.082 0.012 0.187
0.133 0.116 0.015 0.264
0.08 0.062 0.011 0.153
0.103 0.094 0.013 0.21
0.096 0.08 0.012 0.188
0.134 0.12 0.017 0.271
0.085 0.073 0.012 0.17
0.105 0.08 0.013 0.198
0.096 0.078 0.012 0.186
0.143 0.19 0.014 0.347
0.08 0.075 0.011 0.166
0.099 0.095 0.015 0.209
0.093 0.088 0.012 0.193
0.132 0.142 0.017 0.291
0.086 0.077 0.012 0.175
0.101 0.106 0.014 0.221
0.094 0.084 0.014 0.192
0.134 0.128 0.016 0.278
0.083 0.082 0.012 0.177
0.101 0.098 0.013 0.212
0.101 0.091 0.011 0.203
0.135 0.129 0.016 0.28
0.09 0.09 0.012 0.192
0.104 0.106 0.014 0.224
0.097 0.078 0.012 0.187
0.138 0.198 0.013 0.349
0.086 0.081 0.01 0.177
0.101 0.116 0.015 0.232
0.091 0.095 0.012 0.198
0.133 0.137 0.016 0.286
0.089 0.111 0.012 0.212
0.099 0.131 0.016 0.246
0.095 0.091 0.014 0.2
0.133 0.144 0.016 0.293
0.085 0.089 0.013 0.187
0.105 0.124 0.016 0.245
0.105 0.111 0.016 0.232
0.133 0.146 0.017 0.296
0.087 0.098 0.012 0.197
0.102 0.127 0.014 0.243
0.099 0.091 0.012 0.202
0.14 0.23 0.013 0.383
0.083 0.093 0.012 0.188
0.096 0.107 0.014 0.217
0.093 0.093 0.014 0.2
0.127 0.143 0.017 0.287
0.084 0.094 0.011 0.189
0.099 0.101 0.013 0.213
0.092 0.088 0.012 0.192
0.134 0.128 0.016 0.278
0.086 0.078 0.011 0.175
0.099 0.085 0.013 0.197
0.093 0.089 0.013 0.195
0.131 0.136 0.016 0.283
0.085 0.084 0.013 0.182
0.101 0.107 0.015 0.223
0.103 0.083 0.013 0.199
0.141 0.3 0.016 0.457
0.083 0.076 0.011 0.17
0.1 0.098 0.013 0.211
0.094 0.096 0.013 0.203
0.132 0.148 0.017 0.297
0.087 0.09 0.011 0.188
0.101 0.106 0.014 0.221
0.091 0.085 0.012 0.188
0.126 0.126 0.017 0.269
0.081 0.077 0.012 0.17
0.101 0.088 0.013 0.202
0.098 0.085 0.013 0.196
0.142 0.147 0.018 0.307
0.088 0.083 0.012 0.183
0.103 0.086 0.014 0.203
0.09 0.069 0.011 0.17
0.142 0.277 0.015 0.434
0.081 0.068 0.011 0.16
0.092 0.094 0.013 0.199
0.093 0.068 0.011 0.172
