0.066 0.321 0.32 0.707
0.021 0.009 0.007 0.037
0.021 0.012 0.006 0.039
0.02 0.011 0.006 0.037
0.027 0.016 0.008 0.051
0.02 0.008 0.006 0.034
0.024 0.012 0.007 0.043
0.023 0.008 0.006 0.037
0.028 0.019 0.008 0.055
0.022 0.008 0.007 0.037
0.022 0.011 0.006 0.039
0.019 0.009 0.006 0.034
0.025 0.019 0.008 0.052
0.021 0.009 0.005 0.035
0.023 0.009 0.006 0.038
0.02 0.009 0.007 0.036
0.062 0.246 0.015 0.323
0.02 0.007 0.006 0.033
0.02 0.009 0.006 0.035
0.021 0.008 0.006 0.035
0.027 0.023 0.008 0.058
0.019 0.008 0.006 0.033
0.021 0.012 0.006 0.039
0.02 0.008 0.006 0.034
0.029 0.022 0.007 0.058
0.021 0.007 0.006 0.034
0.021 0.008 0.006 0.035
0.021 0.007 0.006 0.034
0.029 0.018 0.007 0.054
0.021 0.007 0.006 0.034
0.021 0.01 0.005 0.036
0.021 0.008 0.006 0.035
0.064 0.272 0.015 0.351
0.018 0.007 0.006 0.031
0.018 0.01 0.006 0.034
0.018 0.008 0.007 0.033
0.024 0.021 0.008 0.053
0.017 0.008 0.005 0.03
0.019 0.01 0.006 0.035
0.019 0.009 0.006 0.034
0.026 0.016 0.008 0.05
0.018 0.008 0.006 0.032
0.019 0.007 0.006 0.032
0.018 0.007 0.006 0.031
0.023 0.015 0.007 0.045
0.019 0.008 0.007 0.034
0.019 0.009 0.006 0.034
0.02 0.008 0.006 0.034
0.065 0.29 0.015 0.37
0.014 0.008 0.009 0.031
0.018 0.007 0.006 0.031
0.016 0.008 0.005 0.029
0.025 0.021 0.007 0.053
0.017 0.007 0.005 0.029
0.018 0.007 0.006 0.031
0.018 0.008 0.005 0.031
0.027 0.017 0.007 0.051
0.016 0.007 0.007 0.03
0.018 0.008 0.005 0.031
0.018 0.007 0.006 0.031
0.026 0.018 0.007 0.051
0.017 0.007 0.006 0.03
0.018 0.008 0.006 0.032
0.017 0.007 0.005 0.029
0.063 0.277 0.015 0.355
0.015 0.008 0.005 0.028
0.019 0.008 0.006 0.033
0.018 0.007 0.006 0.031
0.025 0.02 0.008 0.053
0.017 0.007 0.006 0.03
0.019 0.008 0.006 0.033
0.017 0.008 0.006 0.031
0.027 0.017 0.007 0.051
0.018 0.007 0.005 0.03
0.021 0.009 0.006 0.036
0.021 0.01 0.007 0.038
0.029 0.015 0.007 0.051
0.019 0.008 0.007 0.034
0.021 0.009 0.006 0.036
0.022 0.009 0.006 0.037
0.064 0.259 0.015 0.338
0.02 0.008 0.006 0.034
0.022 0.009 0.006 0.037
0.021 0.008 0.006 0.035
0.028 0.019 0.007 0.054
0.019 0.008 0.007 0.034
0.021 0.01 0.007 0.038
0.021 0.01 0.007 0.038
0.029 0.02 0.008 0.057
0.02 0.009 0.007 0.036
0.021 0.009 0.007 0.037
0.02 0.01 0.006 0.036
0.03 0.02 0.007 0.057
0.018 0.009 0.007 0.034
0.019 0.01 0.007 0.036
0.02 0.009 0.007 0.036
0.063 0.294 0.016 0.373
0.017 0.008 0.006 0.031
0.02 0.009 0.009 0.038
0.019 0.008 0.024 0.051
