0.401 17.851 1.196 19.448
0.175 2.346 0.052 2.573
0.184 3.25 0.063 3.497
0.178 3.186 0.06 3.424
0.277 5.96 0.095 6.332
0.174 3.02 0.06 3.254
0.188 3.222 0.063 3.473
0.178 2.576 0.058 2.812
0.277 5.058 0.095 5.43
0.163 2.731 0.054 2.948
0.189 3.158 0.063 3.41
0.17 2.401 0.056 2.627
0.262 5.109 0.096 5.467
0.158 2.41 0.054 2.622
0.187 3.005 0.063 3.255
0.182 2.546 0.059 2.787
0.385 19.181 0.202 19.768
0.169 2.398 0.054 2.621
0.194 3.146 0.063 3.403
0.184 2.454 0.06 2.698
0.277 5.635 0.097 6.009
0.161 2.61 0.053 2.824
0.189 2.83 0.064 3.083
0.183 2.285 0.058 2.526
0.263 5.585 0.088 5.936
0.16 2.241 0.052 2.453
0.205 3.253 0.069 3.527
0.189 2.332 0.057 2.578
0.286 5.487 0.092 5.865
0.182 2.871 0.066 3.119
0.196 3.626 0.063 3.885
0.19 2.477 0.06 2.727
0.403 20.037 0.108 20.548
0.177 2.875 0.055 3.107
0.196 3.569 0.061 3.826
0.187 2.545 0.056 2.788
0.291 6.378 0.115 6.784
0.17 2.665 0.056 2.891
0.19 3.347 0.057 3.594
0.185 3 0.055 3.24
0.315 6.008 0.097 6.42
0.163 2.963 0.057 3.183
0.177 2.931 0.065 3.173
0.166 2.772 0.059 2.997
0.279 6.994 0.098 7.371
0.163 2.485 0.056 2.704
0.177 3.012 0.065 3.254
0.17 2.772 0.058 3
0.392 19.202 0.191 19.785
0.158 2.508 0.054 2.72
0.177 3.274 0.069 3.52
0.182 2.839 0.063 3.084
0.263 5.961 0.096 6.32
0.164 2.471 0.053 2.688
0.185 2.824 0.065 3.074
0.169 2.465 0.058 2.692
0.268 5.12 0.102 5.49
0.181 2.069 0.053 2.303
0.182 2.776 0.065 3.023
0.176 2.451 0.057 2.684
0.264 5.01 0.094 5.368
0.163 2.335 0.051 2.549
0.19 3.525 0.062 3.777
0.179 2.707 0.057 2.943
0.387 19.002 0.109 19.498
0.197 2.411 0.053 2.661
0.186 3.174 0.064 3.424
0.176 2.582 0.059 2.817
0.258 5.672 0.097 6.027
0.174 2.254 0.053 2.481
0.182 3.192 0.069 3.443
0.194 2.562 0.062 2.818
0.263 5.113 0.095 5.472
0.188 3.75 0.056 3.994
0.18 2.721 0.062 2.963
0.18 2.504 0.058 2.742
0.282 7.485 0.101 7.868
0.166 2.759 0.054 2.979
0.183 2.989 0.065 3.237
0.181 2.366 0.059 2.606
0.383 17.666 0.109 18.158
0.188 2.112 0.055 2.355
0.188 2.979 0.066 3.233
0.177 2.674 0.059 2.91
0.278 6.106 0.101 6.485
0.163 2.56 0.052 2.775
0.198 3.243 0.066 3.507
0.173 2.703 0.061 2.937
0.269 5.716 0.096 6.081
0.165 2.648 0.054 2.867
0.214 3.225 0.064 3.503
0.177 2.625 0.055 2.857
0.274 5.912 0.099 6.285
0.163 2.702 0.054 2.919
0.199 3.043 0.068 3.31
0.189 2.576 0.062 2.827
0.391 17.805 0.112 18.308
0.168 2.45 0.059 2.677
0.194 2.993 0.067 3.254
0.182 2.849 0.061 3.092
0.013 0.076 0.179 0.268
0.005 0.009 0.008 0.022
0.007 0.005 0.009 0.021
