0.013 0.075 0.16 0.248
0.005 0.008 0.007 0.02
0.006 0.005 0.008 0.019
0.005 0.005 0.007 0.017
0.01 0.014 0.01 0.034
0.005 0.005 0.008 0.018
0.006 0.005 0.008 0.019
0.005 0.006 0.008 0.019
0.009 0.01 0.009 0.028
0.005 0.006 0.007 0.018
0.006 0.006 0.009 0.021
0.005 0.005 0.008 0.018
0.009 0.012 0.009 0.03
0.006 0.004 0.007 0.017
0.006 0.005 0.008 0.019
0.006 0.005 0.007 0.018
0.013 0.031 0.009 0.053
0.005 0.002 0.007 0.014
0.005 0.005 0.007 0.017
0.006 0.005 0.008 0.019
0.01 0.009 0.009 0.028
0.005 0.004 0.009 0.018
0.007 0.006 0.009 0.022
0.005 0.004 0.008 0.017
0.009 0.009 0.012 0.03
0.005 0.004 0.007 0.016
0.007 0.005 0.008 0.02
0.006 0.003 0.007 0.016
0.009 0.008 0.009 0.026
0.006 0.005 0.007 0.018
0.006 0.004 0.01 0.02
0.006 0.003 0.007 0.016
0.012 0.026 0.009 0.047
0.005 0.004 0.007 0.016
0.006 0.003 0.008 0.017
0.006 0.002 0.007 0.015
0.009 0.006 0.008 0.023
0.004 0.003 0.007 0.014
0.006 0.002 0.007 0.015
0.005 0.003 0.007 0.015
0.011 0.007 0.009 0.027
0.004 0.003 0.007 0.014
0.006 0.003 0.007 0.016
0.006 0.003 0.008 0.017
0.008 0.007 0.009 0.024
0.005 0.003 0.006 0.014
0.006 0.004 0.007 0.017
0.005 0.003 0.007 0.015
0.012 0.026 0.009 0.047
0.005 0.003 0.007 0.015
0.005 0.004 0.008 0.017
0.005 0.003 0.006 0.014
0.009 0.01 0.008 0.027
0.006 0.003 0.007 0.016
0.006 0.004 0.007 0.017
0.006 0.003 0.006 0.015
0.01 0.009 0.009 0.028
0.005 0.003 0.006 0.014
0.006 0.004 0.006 0.016
0.005 0.003 0.007 0.015
0.009 0.008 0.009 0.026
0.005 0.002 0.007 0.014
0.006 0.005 0.008 0.019
0.006 0.003 0.008 0.017
0.011 0.027 0.008 0.046
0.006 0.003 0.007 0.016
0.006 0.005 0.007 0.018
0.006 0.003 0.008 0.017
0.009 0.008 0.01 0.027
0.006 0.003 0.008 0.017
0.006 0.004 0.007 0.017
0.005 0.003 0.007 0.015
0.008 0.008 0.007 0.023
0.005 0.003 0.007 0.015
0.006 0.005 0.008 0.019
0.005 0.003 0.007 0.015
0.01 0.009 0.008 0.027
0.005 0.002 0.007 0.014
0.006 0.004 0.008 0.018
0.005 0.003 0.008 0.016
0.012 0.023 0.007 0.042
0.004 0.004 0.006 0.014
0.006 0.004 0.007 0.017
0.004 0.002 0.007 0.014
0.009 0.007 0.008 0.024
0.005 0.003 0.007 0.015
0.006 0.004 0.008 0.018
0.005 0.003 0.007 0.015
0.008 0.007 0.007 0.022
0.005 0.003 0.007 0.015
0.006 0.004 0.007 0.017
0.005 0.004 0.007 0.016
0.009 0.009 0.009 0.027
0.005 0.003 0.007 0.015
0.006 0.004 0.008 0.018
0.005 0.003 0.006 0.014
0.011 0.023 0.008 0.042
0.005 0.003 0.007 0.015
0.006 0.004 0.008 0.018
0.005 0.003 0.007 0.015
