0.047 0.328 0.172 0.547
0.016 0 0 0.016
0.016 0.016 0 0.032
0.015 0.016 0 0.031
0.031 0.016 0.016 0.063
0.015 0.016 0 0.031
0.016 0 0.016 0.032
0.016 0.016 0 0.032
0.016 0.031 0 0.047
0.016 0.016 0 0.032
0.031 0 0.015 0.046
0.015 0.016 0 0.031
0.015 0.031 0 0.046
0.015 0 0 0.015
0.015 0.016 0.016 0.047
0.015 0 0.016 0.031
0.046 0.235 0.015 0.296
0.015 0 0.016 0.031
0.016 0 0.015 0.031
0 0.016 0 0.016
0.031 0.015 0.016 0.062
0.016 0.015 0 0.031
0.016 0.015 0.016 0.047
0.015 0 0.016 0.031
0.016 0.031 0.016 0.063
0.016 0 0.016 0.032
0.016 0.015 0 0.031
0.015 0 0.016 0.031
0.031 0.016 0.015 0.062
0.016 0 0.016 0.032
0.016 0.015 0 0.031
0.031 0 0.016 0.047
0.032 0.218 0.032 0.282
0.016 0 0.015 0.031
0.015 0.016 0.016 0.047
0.016 0.015 0.016 0.047
0.015 0.032 0.015 0.062
0.016 0.015 0 0.031
0.016 0.015 0 0.031
0.015 0 0.016 0.031
0.016 0.031 0.016 0.063
0 0.016 0.015 0.031
0.016 0.015 0.016 0.047
0.015 0 0.016 0.031
0.016 0.031 0.016 0.063
0.015 0.016 0 0.031
0.016 0 0.015 0.031
0.032 0 0.015 0.047
0.032 0.203 0.031 0.266
0.016 0 0.016 0.032
0.016 0.015 0.016 0.047
0.016 0.016 0 0.032
0.016 0.031 0.016 0.063
0.015 0.016 0 0.031
0.015 0.016 0 0.031
0.016 0.015 0.016 0.047
0.015 0.032 0.015 0.062
0.016 0.015 0.016 0.047
0.016 0.016 0.015 0.047
0.016 0.016 0 0.032
0.031 0.031 0.016 0.078
0.016 0.015 0 0.031
0.031 0 0.016 0.047
0.016 0.015 0 0.031
0.032 0.218 0.032 0.282
0.016 0 0.016 0.032
0.015 0.016 0 0.031
0.016 0 0.015 0.031
0.031 0.016 0.015 0.062
0.016 0 0.015 0.031
0.015 0.016 0 0.031
0.016 0.016 0 0.032
0.016 0.031 0.016 0.063
0.016 0 0.016 0.032
0.015 0 0.016 0.031
0 0.016 0 0.016
0.031 0.016 0.015 0.062
0.016 0 0.015 0.031
0.016 0.016 0 0.032
0.016 0.015 0 0.031
0.032 0.203 0.031 0.266
0.016 0 0 0.016
0.031 0 0.016 0.047
0.015 0.016 0 0.031
0.031 0.016 0.015 0.062
0.015 0.016 0 0.031
0.032 0 0.015 0.047
0.016 0.015 0 0.031
0.031 0.016 0.015 0.062
0.015 0.016 0 0.031
0.015 0.016 0 0.031
0.015 0.016 0 0.031
0.032 0.015 0.016 0.063
0.016 0 0.016 0.032
0.032 0 0.015 0.047
0.016 0.015 0 0.031
0.047 0.219 0.016 0.282
0.016 0 0.015 0.031
0.015 0.016 0 0.031
0.016 0 0.015 0.031
