0.015 0.078 0.125 0.218
0 0 0.016 0.016
0 0 0.016 0.016
0 0 0.016 0.016
0 0.016 0 0.016
0.015 0 0 0.015
0.016 0 0 0.016
0 0.016 0 0.016
0.016 0 0.016 0.032
0 0 0.016 0.016
0 0 0 0
0.016 0 0 0.016
0.016 0 0 0.016
0 0 0.015 0.015
0 0.015 0 0.015
0 0 0.016 0.016
0.016 0.031 0 0.047
0 0 0.015 0.015
0.015 0 0 0.015
0 0.015 0 0.015
0.015 0 0.016 0.031
0 0 0.015 0.015
0 0 0.016 0.016
0 0 0.015 0.015
0.015 0 0.016 0.031
0 0 0.016 0.016
0 0 0 0
0.016 0 0 0.016
0.016 0 0.016 0.032
0 0 0.015 0.015
0 0 0.016 0.016
0 0 0 0
0.016 0.031 0 0.047
0 0 0 0
0 0 0.016 0.016
0.016 0 0 0.016
0 0.016 0 0.016
0.016 0 0 0.016
0 0 0.016 0.016
0 0 0.016 0.016
0 0.015 0 0.015
0 0 0 0
0 0.016 0 0.016
0.016 0 0 0.016
0.016 0 0.015 0.031
0 0 0 0
0.015 0 0 0.015
0 0 0.016 0.016
0.016 0.031 0 0.047
0 0 0.016 0.016
0.015 0 0 0.015
0 0 0.016 0.016
0 0 0.016 0.016
0.016 0 0 0.016
0 0 0.016 0.016
0 0 0.015 0.015
0.015 0 0.016 0.031
0 0 0.016 0.016
0 0.016 0 0.016
0.015 0 0 0.015
0 0.015 0 0.015
0 0 0.016 0.016
0.015 0 0 0.015
0 0 0.016 0.016
0.016 0.031 0 0.047
0.015 0 0 0.015
0 0 0.016 0.016
0 0 0 0
0 0.016 0 0.016
0 0 0.016 0.016
0 0 0 0
0 0 0.016 0.016
0.015 0 0.016 0.031
0 0 0.016 0.016
0 0 0.015 0.015
0 0 0.015 0.015
0.015 0 0 0.015
0 0 0 0
0 0 0.016 0.016
0.015 0 0 0.015
0 0.047 0 0.047
0 0 0.016 0.016
0 0.015 0 0.015
0.016 0 0 0.016
0 0.016 0 0.016
0 0 0 0
0.016 0 0 0.016
0 0 0.016 0.016
0 0.015 0 0.015
0 0 0.016 0.016
0 0 0.015 0.015
0 0 0.016 0.016
0 0 0.015 0.015
0 0 0.016 0.016
0 0 0.015 0.015
0 0 0.016 0.016
0.015 0.032 0.015 0.062
0 0 0 0
0 0 0 0
0 0 0 0
