0.015 0.063 0.093 0.171
0 0 0.016 0.016
0 0 0 0
0.016 0 0 0.016
0 0.016 0 0.016
0 0 0.016 0.016
0 0 0.016 0.016
0.015 0 0 0.015
0 0 0.015 0.015
0 0 0.016 0.016
0 0.016 0 0.016
0 0 0.016 0.016
0.015 0 0.016 0.031
0 0 0.015 0.015
0.016 0 0 0.016
0 0 0.016 0.016
0.016 0.031 0.016 0.063
0 0 0 0
0 0 0 0
0 0 0.015 0.015
0 0 0.016 0.016
0 0 0.016 0.016
0.016 0 0 0.016
0 0 0 0
0.016 0 0.016 0.032
0 0.016 0 0.016
0 0 0.016 0.016
0 0 0 0
0 0.015 0 0.015
0 0 0.016 0.016
0 0 0.015 0.015
0 0 0 0
0.015 0.032 0.015 0.062
0 0 0.016 0.016
0 0 0.016 0.016
0 0 0 0
0.015 0 0.016 0.031
0 0 0 0
0 0 0 0
0 0 0.016 0.016
0.015 0 0.016 0.031
0 0 0.016 0.016
0 0 0.016 0.016
0.016 0 0 0.016
0 0.016 0 0.016
0.016 0 0 0.016
0 0 0.016 0.016
0 0.015 0 0.015
0.016 0.031 0.016 0.063
0 0 0 0
0 0 0.016 0.016
0.015 0 0 0.015
0 0.016 0 0.016
0.016 0 0 0.016
0 0 0.015 0.015
0.016 0 0 0.016
0 0.016 0 0.016
0 0 0.016 0.016
0.015 0 0 0.015
0.016 0 0 0.016
0 0.016 0 0.016
0.016 0 0 0.016
0 0 0 0
0 0 0.016 0.016
0.016 0.031 0.016 0.063
0 0 0.015 0.015
0 0 0.015 0.015
0.015 0 0 0.015
0 0 0.016 0.016
0 0 0 0
0 0 0 0
0 0 0.015 0.015
0 0.016 0 0.016
0.016 0 0 0.016
0 0 0 0
0 0 0.016 0.016
0 0.016 0 0.016
0 0 0 0
0 0 0.016 0.016
0 0 0.015 0.015
0.016 0.031 0 0.047
0 0 0.016 0.016
0 0 0.016 0.016
0 0 0.016 0.016
0 0.016 0 0.016
0 0 0 0
0.016 0 0.031 0.047
0 0 0.016 0.016
0 0.015 0 0.015
0 0 0.016 0.016
0 0 0.015 0.015
0 0 0.016 0.016
0 0.015 0 0.015
0.016 0 0 0.016
0 0 0.015 0.015
0 0 0.016 0.016
0.015 0.032 0.015 0.062
0 0 0 0
0 0 0 0
0.016 0 0 0.016
