0.172 3.094 0.5 3.766
0.063 0.094 0 0.157
0.062 0.125 0.016 0.203
0.062 0.094 0.016 0.172
0.093 0.266 0.031 0.39
0.062 0.063 0.016 0.141
0.062 0.094 0.016 0.172
0.063 0.047 0.015 0.125
0.094 0.266 0.031 0.391
0.047 0.063 0.015 0.125
0.062 0.11 0.015 0.187
0.078 0.078 0.015 0.171
0.078 0.328 0.031 0.437
0.063 0.062 0.016 0.141
0.078 0.125 0.016 0.219
0.078 0.109 0.016 0.203
0.188 3.156 0.062 3.406
0.094 0.094 0.031 0.219
0.078 0.14 0.016 0.234
0.062 0.094 0.015 0.171
0.093 0.438 0.047 0.578
0.078 0.078 0.016 0.172
0.078 0.141 0.016 0.235
0.062 0.125 0 0.187
0.094 0.453 0.047 0.594
0.063 0.078 0.015 0.156
0.078 0.094 0.031 0.203
0.078 0.094 0.016 0.188
0.094 0.359 0.032 0.485
0.063 0.078 0.015 0.156
0.078 0.109 0.016 0.203
0.063 0.109 0 0.172
0.187 3.407 0.078 3.672
0.078 0.078 0.015 0.171
0.078 0.125 0.016 0.219
0.062 0.11 0 0.172
0.094 0.328 0.032 0.454
0.062 0.079 0.015 0.156
0.062 0.125 0.016 0.203
0.062 0.094 0.016 0.172
0.078 0.328 0.031 0.437
0.063 0.062 0.016 0.141
0.078 0.125 0.016 0.219
0.063 0.109 0.016 0.188
0.094 0.328 0.031 0.453
0.062 0.079 0.015 0.156
0.062 0.125 0.016 0.203
0.078 0.094 0.015 0.187
0.172 2.844 0.062 3.078
0.063 0.078 0.016 0.157
0.078 0.141 0.016 0.235
0.063 0.109 0.016 0.188
0.078 0.375 0.047 0.5
0.062 0.094 0.015 0.171
0.078 0.109 0.016 0.203
0.078 0.094 0.016 0.188
0.094 0.328 0.031 0.453
0.062 0.094 0.016 0.172
0.078 0.109 0.016 0.203
0.062 0.109 0.016 0.187
0.094 0.312 0.031 0.437
0.063 0.062 0.016 0.141
0.078 0.094 0.015 0.187
0.062 0.063 0.015 0.14
0.172 2.813 0.062 3.047
0.063 0.078 0.016 0.157
0.063 0.125 0.015 0.203
0.062 0.063 0.015 0.14
0.093 0.313 0.031 0.437
0.063 0.078 0.016 0.157
0.078 0.14 0.016 0.234
0.078 0.094 0.016 0.188
0.094 0.391 0.031 0.516
0.078 0.093 0.016 0.187
0.063 0.14 0.016 0.219
0.063 0.109 0.016 0.188
0.094 0.375 0.047 0.516
0.063 0.078 0.031 0.172
0.063 0.14 0.016 0.219
0.078 0.078 0.015 0.171
0.172 2.734 0.078 2.984
0.063 0.094 0 0.157
0.078 0.109 0.016 0.203
0.063 0.094 0.015 0.172
0.093 0.329 0.046 0.468
0.063 0.078 0.016 0.157
0.078 0.109 0.016 0.203
0.078 0.078 0.016 0.172
0.078 0.297 0.047 0.422
0.062 0.078 0.016 0.156
0.062 0.109 0.016 0.187
0.079 0.078 0.015 0.172
0.094 0.25 0.031 0.375
0.063 0.078 0.015 0.156
0.079 0.109 0.016 0.204
0.078 0.078 0.036 0.192
0.172 2.484 0.062 2.718
0.063 0.078 0.016 0.157
0.062 0.125 0.016 0.203
0.078 0.11 0.015 0.203
