0.172 3.094 0.468 3.734
0.047 0.078 0.016 0.141
0.078 0.11 0.015 0.203
0.062 0.109 0.016 0.187
0.094 0.266 0.015 0.375
0.063 0.062 0.016 0.141
0.063 0.094 0.015 0.172
0.063 0.046 0.016 0.125
0.078 0.25 0.016 0.344
0.047 0.063 0.015 0.125
0.063 0.109 0.016 0.188
0.063 0.093 0 0.156
0.078 0.282 0.015 0.375
0.063 0.062 0 0.125
0.062 0.11 0.015 0.187
0.062 0.109 0.016 0.187
0.187 2.922 0.047 3.156
0.079 0.093 0 0.172
0.062 0.125 0.016 0.203
0.063 0.094 0.015 0.172
0.093 0.391 0.031 0.515
0.063 0.093 0.016 0.172
0.078 0.125 0.015 0.218
0.079 0.093 0.016 0.188
0.093 0.469 0.031 0.593
0.063 0.078 0.016 0.157
0.078 0.094 0.016 0.188
0.062 0.094 0 0.156
0.078 0.328 0.016 0.422
0.062 0.079 0.015 0.156
0.079 0.093 0.016 0.188
0.063 0.093 0.016 0.172
0.172 2.906 0.047 3.125
0.063 0.078 0 0.141
0.078 0.11 0.015 0.203
0.062 0.094 0.016 0.172
0.094 0.328 0.016 0.438
0.062 0.078 0.016 0.156
0.078 0.11 0.015 0.203
0.062 0.094 0 0.156
0.094 0.312 0.016 0.422
0.047 0.078 0 0.125
0.078 0.11 0 0.188
0.078 0.094 0.015 0.187
0.094 0.328 0.031 0.453
0.063 0.078 0.015 0.156
0.063 0.125 0 0.188
0.078 0.094 0 0.172
0.172 2.797 0.047 3.016
0.078 0.078 0 0.156
0.078 0.141 0.015 0.234
0.079 0.093 0.016 0.188
0.078 0.375 0.031 0.484
0.062 0.094 0.016 0.172
0.063 0.125 0 0.188
0.078 0.094 0 0.172
0.094 0.328 0.016 0.438
0.063 0.078 0.015 0.156
0.078 0.11 0 0.188
0.079 0.093 0.016 0.188
0.094 0.312 0.016 0.422
0.063 0.062 0.016 0.141
0.062 0.079 0.015 0.156
0.063 0.062 0 0.125
0.187 2.75 0.031 2.968
0.063 0.078 0 0.141
0.062 0.125 0.016 0.203
0.062 0.063 0.015 0.14
0.093 0.313 0.016 0.422
0.062 0.079 0.015 0.156
0.078 0.125 0.016 0.219
0.079 0.109 0.016 0.204
0.094 0.328 0.015 0.437
0.063 0.093 0.016 0.172
0.079 0.14 0 0.219
0.063 0.109 0 0.172
0.078 0.375 0.016 0.469
0.063 0.078 0.016 0.157
0.078 0.125 0.016 0.219
0.078 0.094 0 0.172
0.188 2.609 0.032 2.829
0.062 0.078 0.016 0.156
0.063 0.109 0.016 0.188
0.063 0.093 0 0.156
0.094 0.344 0.016 0.454
0.078 0.062 0.016 0.156
0.078 0.125 0.016 0.219
0.063 0.093 0.016 0.172
0.094 0.281 0.031 0.406
0.062 0.078 0 0.14
0.078 0.094 0.016 0.188
0.063 0.094 0 0.157
0.094 0.25 0.015 0.359
0.062 0.078 0.016 0.156
0.078 0.109 0 0.187
0.078 0.093 0.016 0.187
0.187 2.594 0.031 2.812
0.063 0.094 0.015 0.172
0.078 0.125 0.016 0.219
0.078 0.109 0.016 0.203
