0.047 0.265 0.266 0.578
0.016 0.016 0 0.032
0.031 0 0.016 0.047
0.016 0.015 0 0.031
0.032 0.015 0.016 0.063
0.016 0.015 0 0.031
0.031 0 0.016 0.047
0.015 0 0.016 0.031
0.031 0.015 0.016 0.062
0.016 0.015 0 0.031
0.016 0.015 0 0.031
0.015 0 0.016 0.031
0.031 0.016 0 0.047
0.031 0 0.016 0.047
0.031 0 0.016 0.047
0.032 0.015 0 0.047
0.062 0.188 0.015 0.265
0.032 0 0 0.032
0.031 0 0.016 0.047
0.015 0.016 0 0.031
0.015 0.016 0 0.031
0.031 0 0 0.031
0.031 0 0.015 0.046
0.031 0 0.015 0.046
0.031 0.015 0 0.046
0.015 0 0.016 0.031
0.016 0 0.016 0.032
0.016 0.015 0 0.031
0.031 0 0.016 0.047
0.015 0 0.016 0.031
0.016 0.015 0 0.031
0.015 0 0 0.015
0.062 0.188 0.015 0.265
0.031 0 0 0.031
0.016 0.015 0 0.031
0.031 0 0.015 0.046
0.016 0.016 0 0.032
0.016 0 0.016 0.032
0.031 0 0.016 0.047
0.031 0 0.016 0.047
0.015 0.016 0.016 0.047
0.016 0.016 0 0.032
0.016 0.015 0 0.031
0.015 0 0.016 0.031
0.015 0.016 0.015 0.046
0.031 0 0.016 0.047
0.016 0.015 0 0.031
0.032 0 0.015 0.047
0.047 0.172 0.015 0.234
0.016 0.015 0 0.031
0.031 0 0 0.031
0.016 0.016 0 0.032
0.015 0.016 0.016 0.047
0.016 0.015 0 0.031
0.015 0.016 0 0.031
0.016 0.015 0 0.031
0.031 0 0.016 0.047
0.016 0.015 0 0.031
0.031 0 0.016 0.047
0.016 0.016 0 0.032
0.016 0.015 0.016 0.047
0.016 0.015 0 0.031
0.032 0 0.015 0.047
0.015 0 0.016 0.031
0.063 0.187 0.016 0.266
0.031 0 0.015 0.046
0.031 0 0 0.031
0.015 0 0.016 0.031
0.031 0.016 0 0.047
0.015 0 0.016 0.031
0.032 0 0 0.032
0.015 0.016 0 0.031
0.016 0.015 0 0.031
0.016 0.015 0 0.031
0 0.015 0 0.015
0.016 0.015 0 0.031
0.016 0.016 0 0.032
0.016 0.015 0 0.031
0.016 0.015 0 0.031
0.016 0 0.016 0.032
0.047 0.187 0 0.234
0.016 0.015 0 0.031
0.015 0.016 0 0.031
0.016 0 0.015 0.031
0.016 0.016 0 0.032
0.016 0.015 0 0.031
0.015 0.016 0 0.031
0.015 0.016 0 0.031
0.031 0.016 0 0.047
0.016 0.015 0 0.031
0.015 0.016 0 0.031
0.031 0 0 0.031
0.031 0.016 0.015 0.062
0.016 0 0.015 0.031
0.031 0 0.016 0.047
0.016 0.015 0 0.031
0.047 0.187 0.016 0.25
0.032 0 0.015 0.047
0.015 0.016 0 0.031
0.015 0 0.016 0.031
