0.141 0.219 0.468 0.828
0.094 0.093 0 0.187
0.125 0.11 0.015 0.25
0.125 0.078 0.015 0.218
0.141 0.125 0.016 0.282
0.11 0.093 0.016 0.219
0.125 0.078 0.016 0.219
0.125 0.062 0 0.187
0.141 0.078 0.016 0.235
0.109 0.078 0 0.187
0.125 0.094 0 0.219
0.125 0.078 0 0.203
0.14 0.11 0.015 0.265
0.125 0.078 0.016 0.219
0.141 0.062 0.016 0.219
0.125 0.062 0.016 0.203
0.14 0.219 0 0.359
0.093 0.063 0.016 0.172
0.125 0.078 0.016 0.219
0.125 0.063 0.015 0.203
0.14 0.11 0 0.25
0.109 0.078 0.016 0.203
0.125 0.078 0 0.203
0.125 0.062 0 0.187
0.141 0.078 0.016 0.235
0.093 0.063 0.015 0.171
0.14 0.063 0 0.203
0.125 0.062 0.016 0.203
0.141 0.093 0.016 0.25
0.109 0.063 0 0.172
0.125 0.063 0.015 0.203
0.125 0.062 0 0.187
0.14 0.188 0.016 0.344
0.094 0.062 0.016 0.172
0.109 0.078 0.016 0.203
0.109 0.063 0.015 0.187
0.125 0.125 0.016 0.266
0.109 0.063 0.015 0.187
0.125 0.078 0.016 0.219
0.125 0.078 0 0.203
0.125 0.125 0.016 0.266
0.109 0.062 0.016 0.187
0.125 0.078 0.015 0.218
0.125 0.078 0.016 0.219
0.141 0.109 0.016 0.266
0.11 0.062 0.016 0.188
0.125 0.078 0.016 0.219
0.125 0.078 0 0.203
0.141 0.188 0.015 0.344
0.109 0.079 0 0.188
0.125 0.094 0.015 0.234
0.125 0.062 0.016 0.203
0.125 0.125 0.016 0.266
0.109 0.094 0 0.203
0.125 0.094 0.015 0.234
0.125 0.078 0.016 0.219
0.125 0.141 0.015 0.281
0.109 0.079 0.015 0.203
0.125 0.094 0.015 0.234
0.125 0.078 0 0.203
0.125 0.125 0.016 0.266
0.125 0.078 0.016 0.219
0.14 0.078 0.016 0.234
0.125 0.078 0 0.203
0.141 0.234 0.016 0.391
0.094 0.078 0 0.172
0.125 0.094 0 0.219
0.125 0.078 0 0.203
0.125 0.125 0.015 0.265
0.11 0.078 0 0.188
0.125 0.094 0.015 0.234
0.125 0.063 0 0.188
0.125 0.11 0.015 0.25
0.11 0.062 0 0.172
0.125 0.094 0 0.219
0.125 0.063 0.015 0.203
0.125 0.109 0.016 0.25
0.11 0.078 0.016 0.204
0.125 0.094 0.016 0.235
0.125 0.062 0.016 0.203
0.141 0.265 0.016 0.422
0.109 0.079 0 0.188
0.125 0.078 0.016 0.219
0.125 0.078 0 0.203
0.125 0.109 0.016 0.25
0.109 0.078 0 0.187
0.125 0.078 0.016 0.219
0.125 0.062 0.016 0.203
0.125 0.109 0.016 0.25
0.109 0.078 0 0.187
0.125 0.094 0 0.219
0.125 0.063 0.015 0.203
0.141 0.109 0 0.25
0.093 0.078 0.016 0.187
0.109 0.078 0 0.187
0.11 0.047 0.015 0.172
0.14 0.329 0 0.469
0.11 0.062 0 0.172
0.125 0.078 0 0.203
0.11 0.062 0 0.172
