0.141 0.218 0.453 0.812
0.109 0.078 0.016 0.203
0.125 0.109 0.032 0.266
0.125 0.078 0.016 0.219
0.125 0.125 0.031 0.281
0.109 0.094 0.016 0.219
0.141 0.078 0.016 0.235
0.125 0.063 0.015 0.203
0.14 0.094 0.016 0.25
0.109 0.078 0 0.187
0.14 0.078 0.016 0.234
0.125 0.078 0.016 0.219
0.125 0.109 0.016 0.25
0.109 0.079 0.015 0.203
0.125 0.078 0.016 0.219
0.125 0.063 0.015 0.203
0.141 0.203 0.031 0.375
0.109 0.063 0.015 0.187
0.11 0.078 0.016 0.204
0.125 0.078 0.016 0.219
0.141 0.109 0.016 0.266
0.11 0.078 0.015 0.203
0.141 0.062 0.016 0.219
0.125 0.062 0 0.187
0.14 0.078 0.016 0.234
0.11 0.062 0.016 0.188
0.141 0.062 0.016 0.219
0.125 0.062 0.016 0.203
0.156 0.094 0.015 0.265
0.11 0.078 0 0.188
0.141 0.078 0.016 0.235
0.125 0.063 0.015 0.203
0.156 0.203 0.016 0.375
0.094 0.078 0.016 0.188
0.125 0.078 0.016 0.219
0.125 0.063 0.015 0.203
0.141 0.156 0.031 0.328
0.109 0.078 0.016 0.203
0.125 0.078 0.016 0.219
0.125 0.078 0.016 0.219
0.141 0.14 0.032 0.313
0.109 0.078 0.016 0.203
0.126 0.078 0.031 0.235
0.125 0.078 0.016 0.219
0.125 0.109 0.031 0.265
0.11 0.078 0.015 0.203
0.141 0.078 0.016 0.235
0.125 0.078 0.016 0.219
0.125 0.203 0.016 0.344
0.094 0.078 0.016 0.188
0.125 0.093 0.016 0.234
0.125 0.063 0.015 0.203
0.125 0.125 0.016 0.266
0.11 0.078 0.016 0.204
0.125 0.094 0.015 0.234
0.141 0.078 0.016 0.235
0.125 0.14 0.031 0.296
0.109 0.078 0.031 0.218
0.125 0.109 0.016 0.25
0.125 0.078 0.016 0.219
0.156 0.125 0.016 0.297
0.11 0.093 0.016 0.219
0.125 0.093 0.016 0.234
0.125 0.063 0.015 0.203
0.141 0.234 0.016 0.391
0.093 0.094 0.016 0.203
0.125 0.093 0.016 0.234
0.125 0.079 0.015 0.219
0.125 0.14 0.016 0.281
0.109 0.078 0.016 0.203
0.125 0.093 0.016 0.234
0.125 0.062 0.016 0.203
0.125 0.109 0.016 0.25
0.109 0.063 0.015 0.187
0.126 0.078 0.015 0.219
0.125 0.078 0.016 0.219
0.141 0.109 0.016 0.266
0.109 0.078 0.047 0.234
0.125 0.094 0.016 0.235
0.125 0.063 0.016 0.204
0.141 0.265 0.016 0.422
0.11 0.062 0.016 0.188
0.125 0.078 0.015 0.218
0.141 0.078 0.015 0.234
0.125 0.125 0.015 0.265
0.109 0.094 0.015 0.218
0.141 0.078 0.016 0.235
0.125 0.063 0.015 0.203
0.141 0.109 0.016 0.266
0.11 0.078 0.016 0.204
0.125 0.078 0.015 0.218
0.125 0.078 0.016 0.219
0.156 0.109 0.016 0.281
0.109 0.094 0.016 0.219
0.109 0.078 0.016 0.203
0.125 0.063 0.015 0.203
0.14 0.297 0.016 0.453
0.094 0.062 0.016 0.172
0.109 0.094 0.015 0.218
0.109 0.062 0.016 0.187
