0.047 0.328 0.265 0.64
0.032 0 0.015 0.047
0.016 0.015 0.016 0.047
0.032 0.015 0 0.047
0.032 0.015 0.016 0.063
0.031 0 0.016 0.047
0.032 0 0.015 0.047
0.015 0.016 0 0.031
0.031 0.016 0.016 0.063
0.031 0 0.016 0.047
0.031 0 0.016 0.047
0.032 0 0.015 0.047
0.016 0.031 0 0.047
0.031 0 0.016 0.047
0.031 0 0.016 0.047
0.032 0 0.015 0.047
0.062 0.25 0.016 0.328
0.031 0 0.016 0.047
0.032 0 0.015 0.047
0.031 0 0.016 0.047
0.031 0.016 0.015 0.062
0.031 0 0.016 0.047
0.031 0 0.016 0.047
0.031 0 0.016 0.047
0.031 0.016 0.015 0.062
0.031 0 0 0.031
0.032 0 0.015 0.047
0.031 0 0.016 0.047
0.016 0.031 0 0.047
0.016 0.016 0 0.032
0.031 0 0.016 0.047
0.016 0.016 0 0.032
0.063 0.265 0.016 0.344
0.031 0 0.015 0.046
0.031 0 0.016 0.047
0.031 0 0.016 0.047
0.031 0.016 0 0.047
0.015 0 0.016 0.031
0.015 0.016 0 0.031
0.031 0 0 0.031
0.016 0.016 0.015 0.047
0.016 0.015 0 0.031
0.015 0.016 0 0.031
0.031 0 0.016 0.047
0.032 0 0.015 0.047
0.015 0 0.016 0.031
0.031 0 0.016 0.047
0.032 0 0.015 0.047
0.063 0.281 0.016 0.36
0.031 0 0.016 0.047
0.016 0.016 0 0.032
0.016 0.016 0 0.032
0.031 0.016 0 0.047
0.016 0.015 0 0.031
0.016 0.016 0 0.032
0.016 0.015 0 0.031
0.016 0.015 0.016 0.047
0.015 0 0.016 0.031
0.031 0 0.015 0.046
0.016 0.015 0 0.031
0.031 0.016 0 0.047
0.015 0.016 0.004 0.035
0.031 0 0.016 0.047
0.015 0.016 0 0.031
0.063 0.265 0.016 0.344
0.016 0 0.015 0.031
0.031 0 0.015 0.046
0.016 0.016 0 0.032
0.032 0.015 0 0.047
0.016 0.016 0 0.032
0.016 0.015 0 0.031
0.016 0 0.015 0.031
0.016 0.016 0.015 0.047
0.031 0 0 0.031
0.016 0.015 0 0.031
0.016 0.015 0 0.031
0.031 0.016 0 0.047
0.031 0 0.015 0.046
0.015 0.016 0 0.031
0.016 0.015 0 0.031
0.063 0.25 0.015 0.328
0.016 0.016 0 0.032
0.031 0 0.016 0.047
0.031 0 0.015 0.046
0.031 0.016 0.015 0.062
0.016 0.015 0 0.031
0.031 0 0.016 0.047
0.015 0.016 0 0.031
0.031 0.015 0.016 0.062
0.016 0.015 0 0.031
0.015 0.016 0 0.031
0.032 0 0.015 0.047
0.031 0.016 0.015 0.062
0.031 0 0 0.031
0.015 0.016 0 0.031
0.015 0.016 0 0.031
0.063 0.328 0.016 0.407
0.016 0.015 0 0.031
0.015 0.016 0 0.031
0.015 0 0.016 0.031
