0.187 2.797 0.485 3.469
0.094 0.047 0.015 0.156
0.094 0.125 0.016 0.235
0.094 0.093 0.016 0.203
0.11 0.531 0.031 0.672
0.078 0.079 0 0.157
0.094 0.125 0.015 0.234
0.093 0.094 0 0.187
0.109 0.531 0.032 0.672
0.094 0.062 0.016 0.172
0.11 0.125 0 0.235
0.094 0.094 0.015 0.203
0.11 0.531 0.031 0.672
0.078 0.062 0.016 0.156
0.094 0.125 0.015 0.234
0.11 0.093 0 0.203
0.172 2.484 0.031 2.687
0.078 0.063 0.015 0.156
0.109 0.125 0.016 0.25
0.11 0.078 0.016 0.204
0.094 0.516 0.031 0.641
0.094 0.078 0 0.172
0.094 0.125 0.015 0.234
0.094 0.093 0 0.187
0.109 0.532 0.031 0.672
0.094 0.078 0 0.172
0.094 0.14 0 0.234
0.094 0.094 0 0.188
0.109 0.547 0.015 0.671
0.078 0.078 0.016 0.172
0.093 0.11 0.015 0.218
0.078 0.094 0.016 0.188
0.188 2.578 0.047 2.813
0.094 0.063 0.015 0.172
0.094 0.14 0 0.234
0.093 0.125 0 0.218
0.094 0.578 0.032 0.704
0.078 0.094 0 0.172
0.094 0.125 0.016 0.235
0.093 0.094 0 0.187
0.11 0.609 0.031 0.75
0.094 0.078 0 0.172
0.11 0.14 0.016 0.266
0.094 0.094 0.015 0.203
0.125 0.641 0.031 0.797
0.094 0.078 0 0.172
0.094 0.156 0.016 0.266
0.11 0.109 0 0.219
0.188 2.953 0.031 3.172
0.094 0.078 0 0.172
0.109 0.156 0.016 0.281
0.093 0.141 0.015 0.249
0.125 0.719 0.031 0.875
0.094 0.094 0.016 0.204
0.094 0.187 0.016 0.297
0.094 0.125 0.015 0.234
0.125 0.765 0.031 0.921
0.094 0.093 0 0.187
0.093 0.141 0.016 0.25
0.093 0.11 0.015 0.218
0.109 0.719 0.031 0.859
0.094 0.094 0 0.188
0.109 0.156 0.016 0.281
0.094 0.125 0.016 0.235
0.188 2.906 0.047 3.141
0.094 0.078 0 0.172
0.109 0.141 0.016 0.266
0.094 0.109 0.016 0.219
0.11 0.562 0.032 0.704
0.094 0.078 0 0.172
0.094 0.141 0.015 0.25
0.094 0.125 0 0.219
0.109 0.719 0.047 0.875
0.078 0.078 0.016 0.172
0.11 0.109 0.016 0.235
0.094 0.109 0.016 0.219
0.125 0.609 0.032 0.766
0.093 0.079 0.015 0.187
0.093 0.125 0.016 0.234
0.094 0.078 0.016 0.188
0.204 3 0.046 3.25
0.109 0.063 0.015 0.187
0.109 0.141 0.015 0.265
0.078 0.11 0.015 0.203
0.109 0.641 0.031 0.781
0.078 0.094 0 0.172
0.109 0.125 0.016 0.25
0.109 0.109 0.016 0.234
0.11 0.625 0.031 0.766
0.094 0.078 0.015 0.187
0.094 0.125 0.016 0.235
0.094 0.094 0 0.188
0.11 0.609 0.031 0.75
0.093 0.078 0.016 0.187
0.109 0.125 0.016 0.25
0.094 0.109 0 0.203
0.188 3.109 0.094 3.391
0.094 0.093 0.016 0.203
0.093 0.125 0 0.218
0.094 0.109 0 0.203
