0.172 2.813 0.484 3.469
0.078 0.063 0.015 0.156
0.094 0.125 0.015 0.234
0.093 0.094 0.016 0.203
0.109 0.532 0.047 0.688
0.078 0.078 0.015 0.171
0.094 0.141 0.015 0.25
0.094 0.078 0.016 0.188
0.109 0.532 0.046 0.687
0.094 0.063 0.015 0.172
0.11 0.125 0 0.235
0.094 0.094 0.015 0.203
0.109 0.531 0.047 0.687
0.078 0.078 0 0.156
0.094 0.14 0.016 0.25
0.11 0.078 0.016 0.204
0.188 2.469 0.062 2.719
0.094 0.062 0.016 0.172
0.093 0.141 0.016 0.25
0.094 0.094 0.015 0.203
0.093 0.533 0.031 0.657
0.093 0.063 0.016 0.172
0.094 0.14 0.016 0.25
0.093 0.094 0.016 0.203
0.11 0.531 0.047 0.688
0.094 0.078 0.016 0.188
0.094 0.141 0.015 0.25
0.109 0.079 0.015 0.203
0.109 0.547 0.047 0.703
0.078 0.078 0.016 0.172
0.094 0.125 0.015 0.234
0.093 0.078 0.016 0.187
0.172 2.578 0.063 2.813
0.094 0.078 0.016 0.188
0.11 0.125 0.016 0.251
0.109 0.11 0.015 0.234
0.109 0.578 0.047 0.734
0.078 0.094 0 0.172
0.094 0.187 0.016 0.297
0.093 0.094 0.016 0.203
0.109 0.719 0.047 0.875
0.094 0.078 0 0.172
0.11 0.219 0.015 0.344
0.093 0.11 0.015 0.218
0.11 0.734 0.047 0.891
0.078 0.078 0.015 0.171
0.094 0.156 0.016 0.266
0.11 0.109 0.016 0.235
0.188 2.921 0.079 3.188
0.094 0.078 0 0.172
0.094 0.172 0.015 0.281
0.11 0.14 0 0.25
0.109 0.75 0.047 0.906
0.094 0.109 0.016 0.219
0.094 0.188 0.015 0.297
0.094 0.125 0.016 0.235
0.125 0.797 0.046 0.968
0.094 0.078 0.016 0.188
0.094 0.14 0.016 0.25
0.109 0.11 0 0.219
0.109 0.797 0.063 0.969
0.094 0.078 0.015 0.187
0.109 0.141 0.031 0.281
0.094 0.141 0.015 0.25
0.187 3.156 0.063 3.406
0.093 0.079 0.015 0.187
0.093 0.157 0.015 0.265
0.078 0.125 0.016 0.219
0.11 0.671 0.047 0.828
0.094 0.078 0.015 0.187
0.109 0.141 0.015 0.265
0.094 0.125 0.016 0.235
0.109 0.782 0.046 0.937
0.078 0.078 0.016 0.172
0.109 0.11 0.015 0.234
0.094 0.109 0.016 0.219
0.125 0.672 0.047 0.844
0.094 0.078 0 0.172
0.093 0.141 0.016 0.25
0.078 0.094 0 0.172
0.187 3.016 0.078 3.281
0.109 0.079 0.015 0.203
0.094 0.14 0.032 0.266
0.094 0.109 0.016 0.219
0.11 0.718 0.047 0.875
0.079 0.078 0.015 0.172
0.094 0.14 0.016 0.25
0.094 0.109 0.016 0.219
0.125 0.625 0.047 0.797
0.094 0.078 0.016 0.188
0.094 0.125 0.016 0.235
0.094 0.094 0.016 0.204
0.125 0.609 0.047 0.781
0.109 0.078 0 0.187
0.094 0.125 0.016 0.235
0.093 0.094 0.016 0.203
0.187 3.797 0.063 4.047
0.109 0.094 0.016 0.219
0.094 0.125 0.031 0.25
0.094 0.109 0.016 0.219
