0.39 19.078 1.172 20.64
0.203 2.344 0.093 2.64
0.218 3.25 0.11 3.578
0.204 2.718 0.078 3
0.265 4.976 0.156 5.397
0.187 2.625 0.094 2.906
0.203 2.86 0.093 3.156
0.188 2.484 0.094 2.766
0.266 4.891 0.19 5.347
0.187 2.782 0.112 3.081
0.203 3.297 0.125 3.625
0.203 2.547 0.094 2.844
0.265 5.188 0.156 5.609
0.188 2.765 0.094 3.047
0.219 2.953 0.109 3.281
0.188 2.391 0.109 2.688
0.39 16.86 0.187 17.437
0.172 2.375 0.096 2.643
0.203 3.297 0.11 3.61
0.203 2.688 0.094 2.985
0.266 5.062 0.172 5.5
0.187 2.75 0.094 3.031
0.219 3.406 0.109 3.734
0.219 2.219 0.094 2.532
0.266 4.703 0.156 5.125
0.188 2.5 0.109 2.797
0.203 2.688 0.127 3.018
0.219 2.218 0.11 2.547
0.266 4.528 0.175 4.969
0.172 2.468 0.078 2.718
0.203 3.047 0.125 3.375
0.204 2.437 0.109 2.75
0.406 17.531 0.188 18.125
0.172 2.391 0.078 2.641
0.203 3.188 0.094 3.485
0.188 2.75 0.094 3.032
0.266 5.203 0.156 5.625
0.187 2.453 0.094 2.734
0.188 3.078 0.078 3.344
0.203 2.594 0.078 2.875
0.25 4.766 0.156 5.172
0.188 2.578 0.094 2.86
0.203 3.125 0.078 3.406
0.188 2.516 0.093 2.797
0.25 4.781 0.157 5.188
0.187 2.578 0.094 2.859
0.187 3.016 0.109 3.312
0.203 2.657 0.078 2.938
0.375 18.203 0.172 18.75
0.187 2.422 0.094 2.703
0.203 3.313 0.093 3.609
0.203 2.938 0.094 3.235
0.265 5.094 0.156 5.515
0.187 2.625 0.078 2.89
0.203 2.937 0.078 3.218
0.203 2.39 0.094 2.687
0.266 4.89 0.157 5.313
0.203 2.25 0.078 2.531
0.218 2.782 0.093 3.093
0.218 2.422 0.094 2.734
0.265 4.891 0.156 5.312
0.172 2.563 0.093 2.828
0.203 2.797 0.11 3.11
0.187 2.422 0.094 2.703
0.375 16.299 0.172 16.846
0.187 2.157 0.093 2.437
0.219 2.765 0.094 3.078
0.203 2.469 0.094 2.766
0.25 5.062 0.156 5.468
0.203 2.282 0.093 2.578
0.203 2.875 0.094 3.172
0.203 2.094 0.11 2.407
0.266 4.765 0.172 5.203
0.203 2.282 0.093 2.578
0.203 2.719 0.094 3.016
0.203 2.578 0.112 2.893
0.25 5 0.156 5.406
0.188 2.515 0.094 2.797
0.204 2.812 0.094 3.11
0.203 2.531 0.078 2.812
0.375 16.672 0.207 17.254
0.203 2.14 0.094 2.437
0.218 3.047 0.11 3.375
0.203 2.625 0.078 2.906
0.265 5.094 0.172 5.531
0.188 2.5 0.093 2.781
0.204 3.093 0.125 3.422
0.203 2.781 0.094 3.078
0.266 5.344 0.156 5.766
0.172 2.64 0.079 2.891
0.203 2.922 0.109 3.234
0.188 2.797 0.109 3.094
0.266 4.937 0.163 5.366
0.172 2.609 0.078 2.859
0.203 2.938 0.094 3.235
0.218 2.563 0.094 2.875
0.375 16.563 0.172 17.11
0.188 2.328 0.094 2.61
0.219 2.968 0.11 3.297
0.203 2.875 0.094 3.172
