0.39 17.829 1.156 19.375
0.219 2.39 0.063 2.672
0.234 3.25 0.063 3.547
0.203 2.688 0.062 2.953
0.281 5.047 0.094 5.422
0.172 2.594 0.062 2.828
0.203 2.906 0.063 3.172
0.187 2.422 0.047 2.656
0.281 5.813 0.094 6.188
0.187 3.094 0.047 3.328
0.187 3.156 0.063 3.406
0.188 2.547 0.047 2.782
0.25 4.765 0.094 5.109
0.187 2.672 0.047 2.906
0.219 2.781 0.063 3.063
0.203 2.343 0.047 2.593
0.39 15.938 0.203 16.531
0.172 2.25 0.062 2.484
0.203 3.141 0.046 3.39
0.188 2.609 0.047 2.844
0.266 4.922 0.094 5.282
0.188 2.516 0.046 2.75
0.219 2.906 0.047 3.172
0.219 2.141 0.047 2.407
0.25 4.625 0.094 4.969
0.172 2.39 0.047 2.609
0.203 2.641 0.047 2.891
0.219 2.203 0.047 2.469
0.25 4.437 0.078 4.765
0.172 2.594 0.046 2.812
0.219 3 0.062 3.281
0.203 2.469 0.047 2.719
0.391 19.122 0.109 19.622
0.172 2.297 0.047 2.516
0.203 3.016 0.047 3.266
0.188 2.828 0.047 3.063
0.25 5.203 0.093 5.546
0.188 2.687 0.047 2.922
0.203 3.078 0.047 3.328
0.188 2.562 0.047 2.797
0.25 4.765 0.094 5.109
0.172 2.625 0.047 2.844
0.203 3.141 0.047 3.391
0.187 2.547 0.047 2.781
0.281 5.391 0.093 5.765
0.188 2.75 0.047 2.985
0.204 3.734 0.062 4
0.203 2.656 0.047 2.906
0.391 17.813 0.187 18.391
0.172 2.39 0.063 2.625
0.203 3.219 0.063 3.485
0.218 2.813 0.047 3.078
0.25 5.031 0.094 5.375
0.172 2.61 0.047 2.829
0.219 2.906 0.047 3.172
0.203 2.375 0.047 2.625
0.25 4.907 0.093 5.25
0.204 2.171 0.063 2.438
0.219 2.75 0.062 3.031
0.218 2.407 0.047 2.672
0.265 5.094 0.094 5.453
0.172 2.922 0.046 3.14
0.203 2.953 0.062 3.218
0.203 2.437 0.047 2.687
0.375 17.203 0.11 17.688
0.187 2.188 0.047 2.422
0.203 2.812 0.047 3.062
0.203 2.547 0.062 2.812
0.25 5.907 0.093 6.25
0.188 2.578 0.047 2.813
0.219 2.938 0.047 3.204
0.219 2.188 0.047 2.454
0.266 4.828 0.093 5.187
0.187 2.325 0.047 2.559
0.219 2.75 0.047 3.016
0.203 2.625 0.047 2.875
0.265 5.969 0.094 6.328
0.203 3.25 0.047 3.5
0.234 3.125 0.047 3.406
0.203 3.078 0.047 3.328
0.391 19.984 0.11 20.485
0.203 2.219 0.047 2.469
0.219 3.063 0.062 3.344
0.219 2.985 0.046 3.25
0.281 5.849 0.093 6.223
0.172 2.516 0.047 2.735
0.219 3.109 0.063 3.391
0.203 2.828 0.047 3.078
0.282 5.515 0.094 5.891
0.188 2.641 0.046 2.875
0.203 2.922 0.062 3.187
0.188 2.796 0.063 3.047
0.281 4.891 0.094 5.266
0.188 2.593 0.047 2.828
0.219 2.937 0.047 3.203
0.203 2.594 0.047 2.844
0.375 16.953 0.094 17.422
0.187 2.329 0.046 2.562
0.218 2.985 0.062 3.265
0.203 2.797 0.062 3.062
