0.094 1.468 0.282 1.844
0.015 0 0.016 0.031
0.016 0 0.016 0.032
0 0.015 0 0.015
0.016 0.016 0 0.032
0.015 0.016 0 0.031
0.015 0.016 0 0.031
0.015 0.016 0 0.031
0.016 0.015 0.016 0.047
0.015 0.016 0 0.031
0.016 0.015 0.016 0.047
0 0.015 0.016 0.031
0.016 0.031 0 0.047
0 0.016 0.016 0.032
0.016 0.016 0 0.032
0 0.016 0 0.016
0.094 1.266 0.046 1.406
0.032 0 0 0.032
0 0.016 0 0.016
0.015 0 0 0.015
0.016 0 0 0.016
0 0.015 0 0.015
0 0.016 0 0.016
0.015 0.016 0 0.031
0.016 0.016 0 0.032
0.016 0 0.016 0.032
0 0.016 0 0.016
0 0.016 0 0.016
0.016 0 0.015 0.031
0.015 0 0.016 0.031
0.016 0 0.016 0.032
0.016 0.015 0 0.031
0.094 1.266 0.047 1.407
0.016 0.015 0 0.031
0 0.016 0 0.016
0.015 0 0 0.015
0.016 0.015 0 0.031
0.016 0.016 0 0.032
0 0.016 0 0.016
0.016 0.015 0 0.031
0.016 0 0.015 0.031
0.016 0 0.015 0.031
0.016 0.016 0 0.032
0 0.015 0 0.015
0.015 0.016 0 0.031
0.016 0 0.015 0.031
0.016 0 0 0.016
0.015 0 0.016 0.031
0.094 1.234 0.047 1.375
0.016 0 0 0.016
0 0.015 0 0.015
0 0.016 0 0.016
0.016 0.016 0.015 0.047
0.016 0 0.015 0.031
0.016 0.016 0 0.032
0.015 0 0 0.015
0.016 0 0.015 0.031
0 0.016 0.015 0.031
0 0.016 0 0.016
0.016 0 0.015 0.031
0.016 0 0 0.016
0.015 0 0 0.015
0.016 0 0 0.016
0.016 0.015 0 0.031
0.11 1.281 0.047 1.438
0.015 0 0.016 0.031
0.015 0 0.016 0.031
0.016 0.062 0.016 0.094
0.016 0.078 0.016 0.11
0.015 0 0.016 0.031
0 0.016 0 0.016
0 0.015 0 0.015
0.015 0 0.016 0.031
0.016 0 0 0.016
0.015 0 0 0.015
0.016 0 0.015 0.031
0.016 0 0.016 0.032
0.015 0 0 0.015
0.015 0 0.016 0.031
0.015 0 0.016 0.031
0.093 1.328 0.047 1.468
0.016 0 0 0.016
0 0.015 0 0.015
0.016 0.015 0 0.031
0.016 0 0.016 0.032
0 0.015 0 0.015
0.015 0 0.016 0.031
0 0.016 0 0.016
0.016 0 0 0.016
0.016 0 0 0.016
0.016 0 0.016 0.032
0.016 0 0.016 0.032
0 0.016 0 0.016
0.016 0.015 0 0.031
0.015 0 0.016 0.031
0.015 0.016 0 0.031
0.11 1.312 0.047 1.469
0 0.015 0 0.015
0 0.016 0 0.016
0 0.016 0 0.016
