0.109 1.501 0.281 1.891
0 0.015 0 0.015
0 0.016 0 0.016
0.016 0 0 0.016
0.015 0.016 0.015 0.046
0.016 0 0.016 0.032
0.016 0 0.015 0.031
0.015 0 0.016 0.031
0.016 0.031 0 0.047
0.016 0.015 0 0.031
0.016 0.016 0 0.032
0.016 0.016 0 0.032
0.016 0.015 0.016 0.047
0.015 0 0.016 0.031
0.016 0.016 0 0.032
0.015 0 0.016 0.031
0.094 1.391 0.062 1.547
0.015 0 0.016 0.031
0.015 0 0 0.015
0 0.015 0 0.015
0.016 0 0.016 0.032
0.015 0.016 0 0.031
0 0.016 0 0.016
0.015 0.016 0.015 0.046
0 0.015 0.016 0.031
0.016 0 0 0.016
0.015 0 0 0.015
0 0.015 0 0.015
0 0.015 0 0.015
0.016 0 0 0.016
0.015 0 0.016 0.031
0.015 0 0 0.015
0.109 1.266 0.031 1.406
0.015 0.016 0 0.031
0.015 0 0 0.015
0 0.016 0 0.016
0.016 0.016 0 0.032
0.016 0 0 0.016
0.016 0.016 0 0.032
0.015 0.016 0 0.031
0.016 0.015 0 0.031
0 0.016 0 0.016
0.016 0.016 0 0.032
0 0.016 0 0.016
0.016 0.016 0 0.032
0.016 0 0 0.016
0 0.016 0 0.016
0.016 0.015 0 0.031
0.109 1.219 0.031 1.359
0.016 0 0 0.016
0.016 0.015 0 0.031
0.015 0.016 0 0.031
0.015 0.016 0 0.031
0.016 0 0.016 0.032
0.015 0.016 0 0.031
0.016 0 0 0.016
0 0.015 0 0.015
0.015 0 0.016 0.031
0.015 0.016 0 0.031
0.016 0.015 0 0.031
0.016 0 0.015 0.031
0.016 0.015 0 0.031
0.015 0 0 0.015
0.016 0.015 0 0.031
0.11 1.281 0.031 1.422
0 0.015 0 0.015
0.015 0 0.016 0.031
0.016 0.062 0.016 0.094
0.032 0.062 0.016 0.11
0 0.016 0 0.016
0.015 0 0.016 0.031
0.016 0 0.015 0.031
0.016 0.015 0 0.031
0.016 0 0 0.016
0.016 0.015 0 0.031
0.016 0 0 0.016
0.016 0 0.015 0.031
0.016 0 0.015 0.031
0.015 0.016 0 0.031
0.016 0 0 0.016
0.11 1.359 0.031 1.5
0.016 0 0 0.016
0.016 0.015 0 0.031
0.015 0 0 0.015
0.016 0 0.015 0.031
0 0.015 0 0.015
0 0.015 0 0.015
0.016 0 0.015 0.031
0 0.016 0 0.016
0.015 0 0.016 0.031
0 0.016 0 0.016
0.016 0 0.015 0.031
0.015 0 0.016 0.031
0.015 0 0.016 0.031
0.015 0 0 0.015
0.016 0 0.015 0.031
0.093 1.313 0.031 1.437
0.015 0.016 0 0.031
0 0.016 0 0.016
0 0.015 0 0.015
