0.375 4.141 1.141 5.657
0.156 0.063 0.015 0.234
0.156 0.109 0.016 0.281
0.172 0.094 0 0.266
0.172 0.359 0.016 0.547
0.14 0.079 0.015 0.234
0.172 0.078 0.016 0.266
0.14 0.079 0 0.219
0.188 0.328 0.031 0.547
0.157 0.062 0.016 0.235
0.172 0.094 0.015 0.281
0.203 0.094 0.015 0.312
0.172 0.375 0.015 0.562
0.187 0.094 0.016 0.297
0.219 0.094 0.016 0.329
0.156 0.094 0.015 0.265
0.359 3.516 0.062 3.937
0.218 0.078 0.016 0.312
0.204 0.078 0.015 0.297
0.188 0.093 0.016 0.297
0.172 0.562 0.032 0.766
0.157 0.062 0.016 0.235
0.188 0.078 0.016 0.282
0.172 0.078 0 0.25
0.188 0.469 0.031 0.688
0.156 0.078 0.016 0.25
0.172 0.109 0.016 0.297
0.172 0.078 0.016 0.266
0.187 0.391 0.031 0.609
0.14 0.079 0.015 0.234
0.172 0.093 0.016 0.281
0.172 0.063 0.015 0.25
0.328 3.016 0.078 3.422
0.172 0.078 0 0.25
0.203 0.094 0.016 0.313
0.203 0.078 0.016 0.297
0.156 0.531 0.031 0.718
0.157 0.062 0.016 0.235
0.188 0.078 0.016 0.282
0.172 0.078 0.016 0.266
0.188 0.437 0.032 0.657
0.156 0.063 0.015 0.234
0.156 0.094 0.016 0.266
0.141 0.062 0.016 0.219
0.157 0.422 0.031 0.61
0.125 0.062 0.016 0.203
0.157 0.093 0.016 0.266
0.157 0.078 0.015 0.25
0.312 2.86 0.062 3.234
0.188 0.062 0.016 0.266
0.187 0.078 0.016 0.281
0.188 0.062 0.016 0.266
0.156 0.297 0.031 0.484
0.156 0.078 0 0.234
0.188 0.093 0.032 0.313
0.188 0.062 0 0.25
0.141 0.265 0.032 0.438
0.172 0.063 0.015 0.25
0.172 0.094 0.015 0.281
0.14 0.078 0 0.218
0.157 0.265 0.016 0.438
0.141 0.062 0.016 0.219
0.172 0.078 0.016 0.266
0.156 0.078 0 0.234
0.265 1.516 0.062 1.843
0.157 0.078 0.018 0.253
0.172 0.062 0.022 0.256
0.172 0.062 0.016 0.25
0.157 0.234 0.016 0.407
0.172 0.062 0.016 0.25
0.172 0.078 0.016 0.266
0.188 0.062 0.016 0.266
0.188 0.187 0.016 0.391
0.188 0.078 0.015 0.281
0.203 0.078 0.016 0.297
0.203 0.062 0.016 0.281
0.188 0.219 0.015 0.422
0.188 0.062 0.031 0.281
0.187 0.079 0.015 0.281
0.203 0.063 0.015 0.281
0.25 1.219 0.047 1.516
0.156 0.078 0.016 0.25
0.172 0.078 0.016 0.266
0.172 0.062 0.016 0.25
0.172 0.172 0.015 0.359
0.172 0.078 0.031 0.281
0.203 0.078 0.016 0.297
0.219 0.063 0.015 0.297
0.203 0.187 0.031 0.421
0.156 0.078 0.016 0.25
0.203 0.078 0 0.281
0.203 0.063 0.015 0.281
0.203 0.172 0.016 0.391
0.156 0.063 0.015 0.234
0.172 0.078 0.015 0.265
0.203 0.079 0 0.282
0.25 0.875 0.031 1.156
0.172 0.062 0.016 0.25
0.187 0.063 0.015 0.265
0.188 0.062 0.016 0.266
