0.344 3.406 1.016 4.766
0.157 0.062 0.016 0.235
0.14 0.078 0.016 0.234
0.156 0.078 0.016 0.25
0.172 0.344 0.015 0.531
0.14 0.078 0 0.218
0.172 0.093 0 0.265
0.141 0.078 0 0.219
0.187 0.328 0.016 0.531
0.156 0.063 0 0.219
0.172 0.078 0.016 0.266
0.156 0.078 0.016 0.25
0.188 0.359 0.016 0.563
0.156 0.063 0.015 0.234
0.172 0.093 0 0.265
0.156 0.063 0.016 0.235
0.343 3.016 0.047 3.406
0.219 0.063 0.015 0.297
0.187 0.094 0 0.281
0.203 0.078 0.016 0.297
0.187 0.547 0.032 0.766
0.156 0.079 0 0.235
0.187 0.078 0.016 0.281
0.172 0.078 0 0.25
0.187 0.453 0.032 0.672
0.157 0.078 0.015 0.25
0.172 0.11 0 0.282
0.172 0.078 0.016 0.266
0.172 0.39 0.032 0.594
0.141 0.062 0.016 0.219
0.172 0.094 0.015 0.281
0.156 0.078 0 0.234
0.328 3.016 0.031 3.375
0.172 0.078 0.016 0.266
0.203 0.093 0.016 0.312
0.219 0.078 0 0.297
0.172 0.531 0.016 0.719
0.172 0.062 0 0.234
0.188 0.078 0.016 0.282
0.172 0.078 0.015 0.265
0.188 0.453 0.016 0.657
0.156 0.078 0 0.234
0.156 0.079 0.015 0.25
0.14 0.078 0 0.218
0.172 0.422 0.016 0.61
0.141 0.063 0.015 0.219
0.156 0.078 0.016 0.25
0.172 0.062 0.016 0.25
0.313 2.75 0.031 3.094
0.187 0.063 0 0.25
0.187 0.079 0.015 0.281
0.203 0.078 0.016 0.297
0.172 0.312 0.016 0.5
0.172 0.063 0 0.235
0.203 0.094 0 0.297
0.172 0.078 0 0.25
0.156 0.281 0.016 0.453
0.187 0.063 0.015 0.265
0.187 0.109 0 0.296
0.157 0.078 0 0.235
0.172 0.265 0.016 0.453
0.156 0.078 0 0.234
0.156 0.094 0 0.25
0.172 0.078 0 0.25
0.282 1.515 0.032 1.829
0.156 0.078 0.016 0.25
0.172 0.078 0.016 0.266
0.172 0.078 0 0.25
0.156 0.235 0.015 0.406
0.157 0.078 0 0.235
0.172 0.078 0.016 0.266
0.187 0.063 0.015 0.265
0.187 0.188 0.016 0.391
0.188 0.078 0 0.266
0.219 0.078 0 0.297
0.203 0.078 0 0.281
0.203 0.219 0.015 0.437
0.172 0.078 0.031 0.281
0.203 0.078 0 0.281
0.187 0.078 0 0.265
0.265 1.219 0.016 1.5
0.156 0.078 0 0.234
0.172 0.078 0.016 0.266
0.172 0.062 0.016 0.25
0.172 0.171 0.016 0.359
0.188 0.062 0.016 0.266
0.219 0.078 0 0.297
0.234 0.078 0.016 0.328
0.203 0.203 0.016 0.422
0.172 0.078 0 0.25
0.203 0.078 0 0.281
0.219 0.078 0 0.297
0.203 0.187 0 0.39
0.156 0.063 0.016 0.235
0.188 0.078 0 0.266
0.203 0.062 0.016 0.281
0.25 0.876 0.015 1.141
0.172 0.063 0.015 0.25
0.187 0.078 0 0.265
0.188 0.062 0.016 0.266
