0.031 0.331 0.266 0.628
0 0 0.015 0.015
0 0.015 0 0.015
0 0.015 0.016 0.031
0.032 0.022 0.009 0.064
0 0.016 0.016 0.032
0.016 0 0.016 0.032
0 0.016 0 0.016
0.016 0.031 0 0.047
0.016 0.016 0 0.032
0.031 0 0.016 0.047
0.015 0 0.016 0.031
0.032 0.015 0 0.047
0.015 0 0.016 0.031
0.015 0.016 0 0.031
0.016 0 0.016 0.032
0.032 0.249 0.004 0.285
0.016 0.016 0 0.032
0.016 0.016 0 0.032
0.016 0 0.015 0.031
0.015 0.032 0 0.047
0.016 0 0.016 0.032
0.016 0.015 0.016 0.047
0.015 0.016 0 0.031
0.031 0.031 0.016 0.078
0 0.016 0.016 0.032
0.016 0.015 0 0.031
0.015 0.016 0 0.031
0.016 0.031 0 0.047
0.015 0 0.016 0.031
0.016 0.015 0.016 0.047
0.002 0.016 0 0.018
0.047 0.219 0.031 0.297
0.016 0.015 0 0.031
0.028 0 0.015 0.043
0.015 0.016 0 0.031
0.038 0.026 0.011 0.075
0.016 0 0.015 0.031
0.015 0.011 0.009 0.035
0.016 0.016 0 0.032
0.042 0.023 0.016 0.081
0 0.016 0.015 0.031
0.015 0.016 0 0.031
0 0.016 0.016 0.032
0.022 0.034 0.01 0.066
0.015 0.016 0 0.031
0.015 0 0.016 0.031
0.016 0 0.015 0.031
0.031 0.203 0.031 0.265
0.016 0 0.015 0.031
0.016 0.015 0 0.031
0.016 0.016 0.015 0.047
0.016 0.031 0.016 0.063
0.015 0 0.016 0.031
0.016 0.015 0 0.031
0.016 0.016 0 0.032
0.031 0.032 0.034 0.097
0.016 0.016 0 0.032
0.015 0.016 0.015 0.046
0.016 0.015 0.016 0.047
0.031 0.031 0.016 0.078
0.016 0.015 0 0.031
0.016 0.015 0 0.031
0.016 0 0.016 0.032
0.031 0.222 0.016 0.269
0.015 0 0.016 0.031
0.016 0.016 0 0.032
0.016 0 0.015 0.031
0.016 0.031 0.016 0.063
0.016 0 0.015 0.031
0.016 0 0.016 0.032
0.016 0 0.019 0.035
0.016 0.031 0 0.047
0 0.016 0 0.016
0.015 0.016 0 0.031
0 0.015 0 0.015
0.015 0.031 0 0.046
0.016 0 0.015 0.031
0.015 0 0.016 0.031
0.016 0.016 0 0.032
0.031 0.203 0.016 0.25
0.016 0 0.015 0.031
0.015 0.016 0 0.031
0.016 0.016 0 0.032
0.015 0.031 0.016 0.062
0.015 0.016 0 0.031
0.015 0 0.016 0.031
0.015 0 0.016 0.031
0.032 0.031 0 0.063
0.019 0.007 0.003 0.029
0.015 0.016 0 0.031
0.016 0.015 0 0.031
0.031 0.015 0.016 0.062
0 0.016 0 0.016
0.016 0.023 0.007 0.046
0.015 0 0.016 0.031
0.031 0.238 0.015 0.284
0.016 0 0.016 0.032
0.016 0.015 0 0.031
0.016 0.016 0 0.032
