0 0.094 0.219 0.313
0.003 0.003 0.006 0.012
0 0 0.016 0.016
0 0 0.016 0.016
0 0 0.016 0.016
0.001 0 0 0.001
0 0.015 0 0.015
0 0 0 0
0 0 0.016 0.016
0.015 0 0 0.015
0 0 0.015 0.015
0 0 0 0
0.015 0 0 0.015
0.004 0.001 0.005 0.01
0.015 0 0 0.015
0 0.016 0 0.016
0.016 0.031 0 0.047
0.016 0 0 0.016
0 0 0.016 0.016
0 0 0.015 0.015
0.016 0 0.015 0.031
0 0 0.015 0.015
0.016 0 0 0.016
0 0.015 0 0.015
0 0.015 0 0.015
0 0 0.016 0.016
0 0 0.016 0.016
0 0 0 0
0.015 0 0.016 0.031
0 0 0.016 0.016
0.006 0.002 0.002 0.01
0 0.016 0 0.016
0.015 0.032 0 0.047
0 0 0.016 0.016
0 0.016 0 0.016
0 0 0.016 0.016
0.016 0 0.015 0.031
0.016 0 0 0.016
0 0.016 0 0.016
0.016 0 0 0.016
0 0.016 0 0.016
0 0 0 0
0 0 0 0
0 0 0.016 0.016
0.016 0 0.015 0.031
0 0.015 0 0.015
0 0 0 0
0.016 0 0 0.016
0.016 0.015 0.016 0.047
0.016 0 0 0.016
0 0 0.015 0.015
0 0.015 0 0.015
0.016 0 0.015 0.031
0 0 0.015 0.015
0 0 0.015 0.015
0.016 0 0 0.016
0.016 0 0.016 0.032
0.015 0 0 0.015
0.016 0 0 0.016
0 0 0.016 0.016
0.015 0 0.016 0.031
0.015 0 0 0.015
0 0 0 0
0.004 0.001 0.006 0.011
0.016 0.031 0 0.047
0 0 0 0
0 0 0 0
0 0 0 0
0 0.016 0 0.016
0 0 0 0
0 0 0.015 0.015
0 0 0.016 0.016
0.015 0 0.016 0.031
0 0 0.015 0.015
0 0 0 0
0 0 0.016 0.016
0 0 0.02 0.02
0 0 0 0
0 0 0 0
0.016 0 0 0.016
0.016 0.031 0.016 0.063
0.015 0 0 0.015
0 0 0.015 0.015
0 0 0.016 0.016
0.015 0 0.016 0.031
0 0 0 0
0.016 0 0 0.016
0.015 0 0 0.015
0.016 0 0.015 0.031
0.003 0 0.007 0.01
0 0 0 0
0 0 0.015 0.015
0 0.016 0 0.016
0 0 0 0
0 0 0 0
0 0 0 0
0.016 0.015 0.016 0.047
0 0 0 0
0 0 0.016 0.016
0 0 0.016 0.016
