0.515 2.817 1.349 4.681
0.281 0.125 0.032 0.438
0.297 0.187 0.031 0.515
0.293 0.156 0.015 0.464
0.437 0.422 0.016 0.875
0.281 0.172 0.484 0.937
0.297 0.203 0.238 0.738
0.281 0.172 0.031 0.484
0.407 0.53 0.031 0.968
0.285 0.141 0.016 0.442
0.281 0.191 0.016 0.488
0.313 0.171 0.032 0.516
0.394 0.625 0.031 1.05
0.282 0.14 0 0.422
0.28 0.172 0.015 0.467
0.297 0.159 0 0.456
0.484 2.458 0.053 2.995
0.266 0.125 0 0.391
0.294 0.187 0.016 0.497
0.25 0.157 0.015 0.422
0.391 0.645 0.031 1.067
0.234 0.128 0.042 0.404
0.265 0.188 0.095 0.548
0.268 0.187 0.094 0.549
0.436 0.609 0.101 1.146
0.266 0.14 0.065 0.471
0.313 0.172 0.047 0.532
0.281 0.157 0.062 0.5
0.434 0.516 0.031 0.981
0.297 0.156 0.031 0.484
0.312 0.221 0.008 0.541
0.292 0.172 0.031 0.495
0.478 2.252 0.031 2.761
0.281 0.141 0.031 0.453
0.281 0.214 0.003 0.498
0.297 0.172 0.062 0.531
0.406 0.723 0.046 1.175
0.269 0.156 0.016 0.441
0.269 0.172 0.016 0.457
0.281 0.175 0 0.456
0.375 0.583 0.031 0.989
0.282 0.135 0.02 0.437
0.303 0.407 0.651 1.361
0.297 0.199 0.016 0.512
0.415 0.563 0.015 0.993
0.282 0.125 0.015 0.422
0.313 0.203 0.015 0.531
0.328 0.156 0.362 0.846
0.492 2.382 0.031 2.905
0.291 0.125 0.016 0.432
0.279 0.187 0.016 0.482
0.266 0.172 0.019 0.457
0.375 0.619 0.016 1.01
0.279 0.139 0 0.418
0.281 0.186 0.016 0.483
0.296 0.172 0.016 0.484
0.406 0.591 0.015 1.012
0.28 0.156 0 0.436
0.296 0.193 0.016 0.505
0.294 0.17 0.015 0.479
0.39 0.627 0.031 1.048
0.281 0.141 0.016 0.438
0.281 0.203 0.016 0.5
0.266 0.156 0.015 0.437
0.485 2.514 0.031 3.03
0.286 0.14 0 0.426
0.281 0.219 0 0.5
0.297 0.172 0.016 0.485
0.391 0.637 0.016 1.044
0.282 0.14 0 0.422
0.297 0.203 0 0.5
0.281 0.172 0 0.453
0.441 0.586 0.021 1.048
0.274 0.156 0.016 0.446
0.282 0.203 0.031 0.516
0.31 0.187 0.047 0.544
0.406 0.581 0.047 1.034
0.297 0.156 0.046 0.499
0.312 0.188 0.062 0.562
0.297 0.187 0 0.484
0.516 2.536 0.032 3.084
0.281 0.145 0 0.426
0.28 0.219 0.015 0.514
0.282 0.171 0.016 0.469
0.393 0.61 0.015 1.018
0.307 0.141 0 0.448
0.329 0.218 0.016 0.563
0.297 0.172 0.016 0.485
0.421 0.66 0.016 1.097
0.286 0.14 0 0.426
0.313 0.226 0.016 0.555
0.283 0.188 0.015 0.486
0.422 0.628 0.031 1.081
0.316 0.141 0 0.457
0.283 0.218 0.011 0.512
0.298 0.156 0.016 0.47
0.514 2.581 0.047 3.142
0.287 0.148 0.012 0.447
0.25 0.187 0 0.437
0.281 0.172 0.016 0.469
