0.047 0.406 0.297 0.75
0 0.016 0 0.016
0 0.015 0 0.015
0 0.015 0 0.015
0.016 0.031 0 0.047
0 0.016 0 0.016
0.015 0 0.016 0.031
0.015 0 0.016 0.031
0.015 0.016 0.016 0.047
0 0.016 0 0.016
0.016 0 0.016 0.032
0.016 0 0.015 0.031
0.015 0.032 0.015 0.062
0 0.015 0 0.015
0 0.016 0 0.016
0.016 0 0.016 0.032
0.046 0.266 0.016 0.328
0 0.016 0 0.016
0 0.016 0.016 0.032
0.016 0.016 0 0.032
0.016 0.063 0.015 0.094
0.016 0 0.015 0.031
0.016 0.015 0.016 0.047
0 0.015 0.016 0.031
0.015 0.047 0.016 0.078
0.016 0.016 0 0.032
0.016 0.016 0 0.032
0.016 0.015 0.016 0.047
0.016 0.047 0.015 0.078
0 0.015 0.016 0.031
0 0.031 0.016 0.047
0 0.016 0.015 0.031
0.032 0.25 0.015 0.297
0 0.016 0.015 0.031
0.016 0.015 0.016 0.047
0.015 0.016 0.016 0.047
0.031 0.047 0.016 0.094
0.015 0.016 0 0.031
0.016 0.016 0.015 0.047
0.016 0.031 0 0.047
0.032 0.046 0.016 0.094
0.015 0.016 0 0.031
0.016 0.016 0.015 0.047
0.016 0.016 0.015 0.047
0.031 0.047 0.015 0.093
0 0.032 0 0.032
0.016 0.031 0 0.047
0.016 0.015 0.036 0.067
0.031 0.25 0.016 0.297
0.015 0.016 0.016 0.047
0 0.031 0 0.031
0.016 0.016 0.015 0.047
0.031 0.047 0.016 0.094
0.015 0.016 0.016 0.047
0.015 0.016 0.016 0.047
0.015 0.016 0 0.031
0.031 0.032 0.015 0.078
0.016 0.016 0 0.032
0.015 0.016 0 0.031
0.016 0.015 0.016 0.047
0.031 0.031 0.016 0.078
0.016 0.016 0.015 0.047
0.016 0.031 0 0.047
0.015 0.016 0.016 0.047
0.047 0.156 0.016 0.219
0.015 0.016 0 0.031
0.016 0.016 0.015 0.047
0.015 0.016 0.016 0.047
0.032 0.031 0.015 0.078
0.016 0.015 0 0.031
0.016 0.015 0.016 0.047
0.016 0.015 0 0.031
0.016 0.031 0.016 0.063
0 0.016 0.015 0.031
0.016 0.015 0.016 0.047
0.015 0.016 0.016 0.047
0.031 0.047 0.016 0.094
0.015 0.032 0 0.047
0.016 0.031 0 0.047
0.016 0.016 0 0.032
0.047 0.157 0.015 0.219
0 0.016 0.016 0.032
0 0.031 0 0.031
0.016 0.016 0 0.032
0.016 0.047 0.015 0.078
0.016 0.015 0 0.031
0.016 0.016 0 0.032
0.015 0.016 0 0.031
0.031 0.031 0 0.062
0.015 0 0.016 0.031
0.016 0.016 0 0.032
0.015 0.016 0 0.031
0.015 0.032 0.015 0.062
0 0.016 0 0.016
0.015 0.016 0.015 0.046
0.015 0.016 0.016 0.047
0.031 0.172 0.015 0.218
0.015 0 0.016 0.031
0.016 0.015 0 0.031
0.016 0.015 0 0.031
