0.047 0.405 0.255 0.707
0.016 0 0.016 0.032
0 0.016 0 0.016
0 0.015 0.016 0.031
0.015 0.032 0.015 0.062
0.016 0 0.016 0.032
0 0.016 0 0.016
0.015 0 0.016 0.031
0.016 0.015 0.016 0.047
0.016 0 0.015 0.031
0 0.015 0 0.015
0 0.016 0 0.016
0.016 0.047 0 0.063
0 0.016 0 0.016
0 0.015 0 0.015
0.015 0.016 0 0.031
0.047 0.266 0.015 0.328
0 0.016 0 0.016
0.016 0.015 0 0.031
0.016 0.015 0 0.031
0.015 0.063 0.016 0.094
0.015 0 0.016 0.031
0.016 0.015 0 0.031
0.011 0.014 0.007 0.032
0.016 0.046 0.016 0.078
0.016 0.016 0 0.032
0.016 0.015 0.016 0.047
0.016 0.016 0.015 0.047
0.015 0.047 0 0.062
0 0.016 0.015 0.031
0.016 0.015 0 0.031
0 0.015 0.016 0.031
0.032 0.242 0.016 0.29
0 0.016 0.015 0.031
0.016 0.015 0 0.031
0.015 0.016 0.015 0.046
0.016 0.047 0.015 0.078
0.015 0.016 0 0.031
0.016 0.031 0 0.047
0.016 0.016 0.015 0.047
0.031 0.047 0.016 0.094
0.015 0.016 0 0.031
0.015 0.032 0 0.047
0.022 0.02 0.009 0.051
0.016 0.047 0.015 0.078
0.015 0.026 0.007 0.048
0.015 0.016 0.015 0.046
0.015 0.016 0 0.031
0.047 0.219 0.015 0.281
0.015 0.016 0 0.031
0.016 0.015 0 0.031
0.016 0.015 0 0.031
0.032 0.046 0.032 0.11
0 0.015 0.016 0.031
0.015 0.016 0.015 0.046
0.016 0.015 0 0.031
0.015 0.047 0.016 0.078
0.016 0.015 0 0.031
0.016 0.016 0.015 0.047
0.016 0 0.015 0.031
0.032 0.031 0.015 0.078
0 0.016 0.016 0.032
0.016 0.015 0 0.031
0.016 0.016 0 0.032
0.031 0.157 0.015 0.203
0.015 0.016 0 0.031
0.016 0.031 0 0.047
0.015 0.016 0 0.031
0.032 0.047 0 0.079
0.016 0.015 0 0.031
0.016 0.016 0.015 0.047
0.015 0.016 0.016 0.047
0.031 0.036 0.011 0.078
0.016 0.016 0.015 0.047
0.016 0.015 0 0.031
0.016 0.015 0.016 0.047
0.031 0.047 0.015 0.093
0.016 0.015 0.016 0.047
0.016 0.015 0.016 0.047
0.016 0.015 0.016 0.047
0.032 0.172 0.015 0.219
0.015 0.016 0 0.031
0.016 0.016 0 0.032
0.016 0.015 0 0.031
0.031 0.031 0.016 0.078
0 0.016 0.015 0.031
0.015 0.016 0 0.031
0.015 0.016 0 0.031
0.031 0.031 0.016 0.078
0.015 0.016 0 0.031
0.016 0.015 0.021 0.052
0.015 0 0.016 0.031
0.031 0.032 0 0.063
0.016 0.016 0 0.032
0.016 0.015 0 0.031
0 0.015 0.016 0.031
0.047 0.157 0.015 0.219
0.015 0 0.016 0.031
0 0.016 0.015 0.031
0.015 0.016 0.015 0.046
