0.016 0.062 0.157 0.235
0 0 0 0
0.015 0 0 0.015
0 0 0.015 0.015
0 0.016 0 0.016
0 0 0.016 0.016
0 0 0.016 0.016
0 0 0.016 0.016
0 0.015 0 0.015
0 0 0 0
0.015 0 0 0.015
0.016 0 0 0.016
0 0 0.016 0.016
0 0 0 0
0 0 0.016 0.016
0 0 0 0
0.016 0.031 0 0.047
0.016 0 0 0.016
0 0 0.016 0.016
0.015 0 0 0.015
0 0 0.016 0.016
0 0 0.016 0.016
0 0 0.016 0.016
0 0 0.016 0.016
0 0.015 0.016 0.031
0 0 0 0
0 0 0.016 0.016
0 0 0 0
0.016 0.015 0 0.031
0.015 0 0 0.015
0 0 0.016 0.016
0 0 0 0
0.015 0.031 0.016 0.062
0 0 0 0
0 0.015 0 0.015
0.016 0 0 0.016
0 0.015 0 0.015
0 0.016 0 0.016
0 0.015 0 0.015
0 0 0 0
0 0.016 0 0.016
0.016 0 0 0.016
0 0 0.015 0.015
0.015 0 0 0.015
0.016 0 0.016 0.032
0.016 0 0 0.016
0 0 0.015 0.015
0 0 0.015 0.015
0.015 0.032 0.015 0.062
0 0 0.015 0.015
0 0 0.015 0.015
0 0 0.015 0.015
0 0 0.015 0.015
0 0 0.015 0.015
0.016 0 0 0.016
0 0 0.015 0.015
0 0.015 0 0.015
0.016 0 0 0.016
0 0 0.032 0.032
0.016 0 0 0.016
0 0.016 0 0.016
0 0 0 0
0 0 0.016 0.016
0 0 0 0
0.016 0.031 0.016 0.063
0.003 0.001 0.006 0.01
0.004 0.002 0.007 0.013
0.004 0.001 0.007 0.012
0.007 0.008 0.01 0.025
0.004 0.001 0.006 0.011
0.004 0.002 0.006 0.012
0.004 0.001 0.007 0.012
0 0.016 0 0.016
0 0 0 0
0 0 0 0
0 0 0.016 0.016
0 0.015 0.016 0.031
0 0 0 0
0 0 0.016 0.016
0 0 0.016 0.016
0.016 0.031 0.016 0.063
0 0 0.015 0.015
0 0 0.016 0.016
0 0.015 0 0.015
0 0 0.016 0.016
0 0 0 0
0 0 0 0
0 0 0 0
0 0.015 0 0.015
0 0 0 0
0 0 0 0
0 0 0 0
0 0.016 0 0.016
0.015 0 0 0.015
0.016 0 0 0.016
0.015 0 0 0.015
0.016 0.031 0.016 0.063
0 0 0 0
0 0 0 0
0 0 0 0
