0 0.063 0.14 0.203
0 0 0 0
0 0 0.016 0.016
0 0 0.016 0.016
0 0.016 0 0.016
0 0 0.016 0.016
0 0 0.016 0.016
0.015 0 0 0.015
0.016 0 0.015 0.031
0 0 0 0
0 0 0.016 0.016
0 0 0 0
0.015 0 0.016 0.031
0.016 0 0 0.016
0.016 0 0 0.016
0 0 0.015 0.015
0.016 0.031 0.016 0.063
0.016 0 0 0.016
0 0 0 0
0 0 0.015 0.015
0.016 0 0.015 0.031
0 0 0.015 0.015
0 0 0 0
0 0 0 0
0.016 0 0.016 0.032
0 0 0.015 0.015
0 0 0.016 0.016
0.016 0 0 0.016
0.015 0 0.016 0.031
0 0 0.016 0.016
0 0 0.015 0.015
0.016 0 0 0.016
0.015 0.031 0 0.046
0 0 0 0
0 0 0.015 0.015
0 0 0 0
0.016 0 0.015 0.031
0 0 0 0
0.016 0 0 0.016
0 0 0 0
0.016 0 0.015 0.031
0 0 0 0
0 0 0.015 0.015
0.016 0 0 0.016
0 0.016 0 0.016
0 0 0 0
0 0 0.015 0.015
0 0.015 0 0.015
0 0.031 0.015 0.046
0 0 0 0
0 0 0.015 0.015
0 0 0 0
0 0.015 0.016 0.031
0 0 0 0
0 0 0 0
0 0 0.015 0.015
0 0.016 0 0.016
0 0 0 0
0 0 0.015 0.015
0.016 0 0 0.016
0.016 0 0.015 0.031
0 0 0.016 0.016
0 0 0.015 0.015
0 0 0 0
0.016 0.031 0 0.047
0.016 0 0 0.016
0 0 0 0
0.015 0 0 0.015
0 0.015 0.016 0.031
0.016 0 0 0.016
0 0 0 0
0 0 0 0
0 0.015 0.016 0.031
0 0 0.016 0.016
0 0 0.015 0.015
0 0 0.016 0.016
0.016 0 0.015 0.031
0 0 0 0
0.016 0 0 0.016
0.016 0 0 0.016
0.015 0.032 0 0.047
0 0.016 0 0.016
0.015 0 0 0.015
0.016 0 0 0.016
0 0.016 0 0.016
0 0 0 0
0 0 0 0
0 0 0.016 0.016
0 0.015 0 0.015
0 0 0.015 0.015
0 0.016 0 0.016
0 0.016 0 0.016
0.016 0 0.016 0.032
0 0 0.016 0.016
0 0.016 0 0.016
0 0 0.016 0.016
0.016 0.031 0.015 0.062
0 0 0.016 0.016
0.016 0 0 0.016
0.015 0 0 0.015
