0.172 3.229 0.598 3.999
0.047 0.078 0.015 0.14
0.078 0.113 0.016 0.207
0.062 0.11 0.015 0.187
0.094 0.285 0.016 0.395
0.047 0.078 0.016 0.141
0.062 0.094 0.016 0.172
0.047 0.084 0.011 0.142
0.094 0.25 0.031 0.375
0.047 0.062 0.016 0.125
0.062 0.125 0 0.187
0.055 0.078 0.016 0.149
0.078 0.297 0.031 0.406
0.063 0.062 0.016 0.141
0.063 0.118 0.032 0.213
0.062 0.11 0.015 0.187
0.172 3.097 0.032 3.301
0.062 0.094 0.016 0.172
0.06 0.141 0.015 0.216
0.063 0.109 0.016 0.188
0.094 0.613 0.016 0.723
0.063 0.094 0.015 0.172
0.078 0.14 0.016 0.234
0.062 0.11 0.016 0.188
0.093 0.438 0.031 0.562
0.045 0.093 0 0.138
0.063 0.14 0.016 0.219
0.062 0.109 0 0.171
0.094 0.406 0.031 0.531
0.067 0.068 0.016 0.151
0.062 0.125 0.016 0.203
0.063 0.109 0.016 0.188
0.172 3.159 0.031 3.362
0.062 0.07 0.015 0.147
0.063 0.14 0.016 0.219
0.063 0.094 0.015 0.172
0.094 0.547 0.016 0.657
0.047 0.093 0 0.14
0.063 0.125 0.015 0.203
0.062 0.094 0.016 0.172
0.109 0.485 0.015 0.609
0.062 0.078 0 0.14
0.062 0.125 0.016 0.203
0.072 0.088 0 0.16
0.094 0.359 0.016 0.469
0.047 0.094 0.016 0.157
0.063 0.125 0.015 0.203
0.063 0.109 0 0.172
0.172 2.807 0.047 3.026
0.063 0.093 0.016 0.172
0.062 0.143 0.016 0.221
0.063 0.109 0.016 0.188
0.093 0.469 0.031 0.593
0.063 0.093 0.016 0.172
0.063 0.141 0 0.204
0.047 0.109 0.016 0.172
0.094 0.41 0.031 0.535
0.056 0.088 0 0.144
0.062 0.125 0.016 0.203
0.062 0.109 0.016 0.187
0.094 0.328 0.032 0.454
0.047 0.063 0.015 0.125
0.063 0.096 0.016 0.175
0.047 0.078 0 0.125
0.187 2.762 0.047 2.996
0.063 0.078 0.015 0.156
0.062 0.113 0 0.175
0.063 0.078 0.016 0.157
0.094 0.347 0.015 0.456
0.046 0.094 0.019 0.159
0.062 0.141 0.016 0.219
0.062 0.125 0.016 0.203
0.11 0.406 0.016 0.532
0.063 0.094 0 0.157
0.062 0.16 0.016 0.238
0.063 0.109 0.016 0.188
0.094 0.359 0.016 0.469
0.056 0.094 0.016 0.166
0.063 0.125 0.016 0.204
0.047 0.109 0.016 0.172
0.172 2.624 0.031 2.827
0.062 0.078 0.016 0.156
0.062 0.125 0.016 0.203
0.062 0.11 0.015 0.187
0.094 0.453 0.016 0.563
0.05 0.078 0.016 0.144
0.063 0.14 0.016 0.219
0.062 0.094 0.016 0.172
0.078 0.39 0.016 0.484
0.063 0.078 0.016 0.157
0.071 0.104 0.015 0.19
0.063 0.093 0 0.156
0.094 0.303 0.02 0.417
0.063 0.062 0.016 0.141
0.062 0.141 0.016 0.219
0.063 0.109 0.016 0.188
0.172 2.488 0.047 2.707
0.047 0.094 0 0.141
0.062 0.16 0.015 0.237
0.063 0.109 0.016 0.188
