0.172 3.219 0.703 4.094
0.047 0.078 0.016 0.141
0.062 0.141 0.016 0.219
0.046 0.11 0.015 0.171
0.094 0.313 0.031 0.438
0.062 0.063 0.016 0.141
0.063 0.094 0.015 0.172
0.047 0.078 0.016 0.141
0.093 0.266 0.031 0.39
0.047 0.063 0.015 0.125
0.063 0.109 0.016 0.188
0.063 0.078 0.016 0.157
0.078 0.297 0.047 0.422
0.047 0.078 0.016 0.141
0.062 0.11 0.031 0.203
0.062 0.11 0.015 0.187
0.187 4.282 0.078 4.547
0.063 0.109 0.016 0.188
0.062 0.141 0.031 0.234
0.063 0.109 0.016 0.188
0.093 0.61 0.047 0.75
0.062 0.078 0.016 0.156
0.062 0.172 0.016 0.25
0.063 0.109 0.016 0.188
0.093 0.594 0.031 0.718
0.046 0.094 0.016 0.156
0.062 0.125 0.032 0.219
0.063 0.093 0.016 0.172
0.094 0.406 0.031 0.531
0.047 0.078 0.016 0.141
0.063 0.125 0.016 0.204
0.047 0.109 0.016 0.172
0.172 3.25 0.062 3.484
0.063 0.078 0.016 0.157
0.062 0.141 0.015 0.218
0.047 0.125 0.016 0.188
0.094 0.516 0.031 0.641
0.047 0.078 0.016 0.141
0.063 0.125 0.016 0.204
0.062 0.11 0.015 0.187
0.078 0.406 0.031 0.515
0.047 0.078 0.016 0.141
0.062 0.125 0.031 0.218
0.062 0.094 0.016 0.172
0.093 0.375 0.032 0.5
0.047 0.094 0.016 0.157
0.063 0.14 0.016 0.219
0.063 0.094 0.015 0.172
0.172 2.797 0.078 3.047
0.062 0.094 0.016 0.172
0.062 0.156 0.016 0.234
0.063 0.109 0.016 0.188
0.094 0.5 0.031 0.625
0.047 0.094 0.031 0.172
0.063 0.125 0.015 0.203
0.062 0.125 0.016 0.203
0.094 0.406 0.031 0.531
0.047 0.094 0.016 0.157
0.078 0.125 0.016 0.219
0.063 0.125 0.031 0.219
0.094 0.375 0.031 0.5
0.047 0.078 0.016 0.141
0.062 0.109 0.016 0.187
0.047 0.078 0.016 0.141
0.172 2.812 0.063 3.047
0.046 0.094 0.016 0.156
0.063 0.109 0.031 0.203
0.047 0.093 0.016 0.156
0.094 0.344 0.031 0.469
0.047 0.094 0.016 0.157
0.078 0.125 0.031 0.234
0.062 0.125 0.016 0.203
0.093 0.407 0.047 0.547
0.062 0.094 0.016 0.172
0.063 0.156 0.031 0.25
0.063 0.109 0.016 0.188
0.093 0.36 0.031 0.484
0.062 0.109 0.016 0.187
0.062 0.125 0.016 0.203
0.063 0.094 0.015 0.172
0.172 2.625 0.062 2.859
0.047 0.094 0.016 0.157
0.062 0.125 0.016 0.203
0.062 0.094 0.031 0.187
0.093 0.453 0.032 0.578
0.062 0.079 0.015 0.156
0.062 0.141 0.015 0.218
0.063 0.093 0.016 0.172
0.094 0.391 0.031 0.516
0.062 0.078 0.016 0.156
0.063 0.109 0.032 0.204
0.062 0.094 0.015 0.171
0.094 0.296 0.032 0.422
0.062 0.063 0.016 0.141
0.079 0.125 0.015 0.219
0.047 0.11 0.015 0.172
0.172 2.516 0.062 2.75
0.047 0.094 0.016 0.157
0.062 0.157 0.015 0.234
0.062 0.125 0.016 0.203
