0.086 0.695 0.307 1.088
0.013 0.011 0.006 0.03
0.014 0.011 0.007 0.032
0.018 0.01 0.007 0.035
0.021 0.015 0.009 0.045
0.015 0.01 0.007 0.032
0.017 0.011 0.009 0.037
0.015 0.009 0.006 0.03
0.022 0.019 0.008 0.049
0.014 0.009 0.007 0.03
0.015 0.01 0.007 0.032
0.016 0.009 0.006 0.031
0.022 0.021 0.009 0.052
0.013 0.008 0.006 0.027
0.017 0.009 0.007 0.033
0.015 0.009 0.006 0.03
0.073 0.584 0.039 0.696
0.014 0.008 0.007 0.029
0.015 0.009 0.023 0.047
0.015 0.008 0.007 0.03
0.023 0.037 0.039 0.099
0.016 0.009 0.007 0.032
0.015 0.011 0.007 0.033
0.016 0.013 0.008 0.037
0.023 0.021 0.008 0.052
0.013 0.009 0.007 0.029
0.015 0.01 0.006 0.031
0.016 0.009 0.006 0.031
0.023 0.021 0.007 0.051
0.014 0.009 0.006 0.029
0.017 0.01 0.006 0.033
0.015 0.01 0.006 0.031
0.073 0.593 0.02 0.686
0.014 0.009 0.006 0.029
0.016 0.011 0.006 0.033
0.014 0.009 0.006 0.029
0.021 0.027 0.008 0.056
0.013 0.008 0.006 0.027
0.016 0.009 0.006 0.031
0.014 0.007 0.007 0.028
0.022 0.018 0.008 0.048
0.014 0.007 0.006 0.027
0.017 0.009 0.006 0.032
0.014 0.009 0.005 0.028
0.022 0.018 0.007 0.047
0.014 0.009 0.006 0.029
0.017 0.009 0.007 0.033
0.015 0.009 0.006 0.03
0.074 0.601 0.024 0.699
0.014 0.008 0.006 0.028
0.018 0.01 0.006 0.034
0.015 0.014 0.008 0.037
0.021 0.03 0.008 0.059
0.014 0.009 0.006 0.029
0.018 0.009 0.006 0.033
0.015 0.009 0.006 0.03
0.023 0.02 0.008 0.051
0.014 0.011 0.006 0.031
0.017 0.01 0.009 0.036
0.016 0.009 0.006 0.031
0.024 0.019 0.007 0.05
0.015 0.008 0.006 0.029
0.015 0.01 0.007 0.032
0.017 0.01 0.007 0.034
0.072 0.581 0.02 0.673
0.013 0.009 0.008 0.03
0.016 0.01 0.007 0.033
0.014 0.009 0.006 0.029
0.024 0.037 0.008 0.069
0.013 0.008 0.007 0.028
0.016 0.015 0.007 0.038
0.016 0.008 0.007 0.031
0.027 0.021 0.008 0.056
0.014 0.009 0.007 0.03
0.02 0.01 0.006 0.036
0.015 0.008 0.006 0.029
0.021 0.018 0.008 0.047
0.014 0.009 0.008 0.031
0.017 0.011 0.007 0.035
0.015 0.009 0.007 0.031
0.08 0.64 0.021 0.741
0.016 0.009 0.008 0.033
0.019 0.01 0.008 0.037
0.019 0.011 0.006 0.036
0.024 0.035 0.009 0.068
0.014 0.01 0.007 0.031
0.018 0.011 0.008 0.037
0.019 0.011 0.007 0.037
0.023 0.022 0.008 0.053
0.014 0.009 0.007 0.03
0.017 0.012 0.006 0.035
0.016 0.01 0.006 0.032
0.026 0.019 0.008 0.053
0.015 0.008 0.01 0.033
0.018 0.011 0.007 0.036
0.015 0.01 0.007 0.032
0.074 0.645 0.021 0.74
0.016 0.009 0.008 0.033
0.02 0.012 0.007 0.039
0.017 0.014 0.009 0.04
