0.562 3.657 1.234 5.453
0.109 0.094 0 0.203
0.188 0.093 0.016 0.297
0.141 0.093 0.016 0.25
0.234 0.156 0.016 0.406
0.125 0.094 0.016 0.235
0.141 0.109 0 0.25
0.157 0.109 0.016 0.282
0.204 0.14 0.016 0.36
0.125 0.094 0 0.219
0.187 0.094 0.016 0.297
0.171 0.094 0 0.265
0.25 0.14 0.016 0.406
0.156 0.094 0 0.25
0.25 0.11 0 0.36
0.218 0.11 0 0.328
0.563 3.437 0.047 4.047
0.141 0.125 0.015 0.281
0.234 0.125 0 0.359
0.156 0.109 0.016 0.281
0.219 0.312 0.016 0.547
0.188 0.093 0.016 0.297
0.141 0.109 0.031 0.281
0.125 0.125 0.016 0.266
0.203 0.188 0.015 0.406
0.172 0.109 0.016 0.297
0.14 0.125 0.016 0.281
0.188 0.109 0.016 0.313
0.234 0.188 0.015 0.437
0.203 0.094 0.031 0.328
0.219 0.109 0 0.328
0.156 0.109 0.016 0.281
0.594 3.328 0.063 3.985
0.172 0.125 0.015 0.312
0.172 0.125 0.016 0.313
0.203 0.109 0.016 0.328
0.235 0.312 0.032 0.579
0.203 0.093 0.016 0.312
0.203 0.125 0 0.328
0.219 0.109 0 0.328
0.266 0.219 0.015 0.5
0.203 0.094 0.031 0.328
0.203 0.11 0.015 0.328
0.219 0.109 0.016 0.344
0.25 0.188 0.016 0.454
0.204 0.078 0.031 0.313
0.188 0.109 0 0.297
0.187 0.11 0.015 0.312
0.562 3.313 0.073 3.948
0.203 0.125 0.015 0.343
0.199 0.125 0 0.324
0.188 0.109 0 0.297
0.203 0.375 0.047 0.625
0.203 0.078 0.031 0.312
0.204 0.109 0 0.313
0.203 0.094 0.031 0.328
0.204 0.187 0.034 0.425
0.187 0.094 0.031 0.312
0.172 0.172 0.016 0.36
0.172 0.094 0.015 0.281
0.235 0.171 0.032 0.438
0.188 0.094 0.015 0.297
0.172 0.109 0.016 0.297
0.203 0.094 0.016 0.313
0.578 3.563 0.078 4.219
0.187 0.125 0.016 0.328
0.203 0.125 0.016 0.344
0.219 0.109 0.016 0.344
0.219 0.281 0.047 0.547
0.203 0.078 0.015 0.296
0.219 0.093 0.016 0.328
0.187 0.094 0.016 0.297
0.234 0.172 0.016 0.422
0.094 0.078 0.047 0.219
0.125 0.094 0.016 0.235
0.188 0.093 0.016 0.297
0.25 0.156 0.016 0.422
0.203 0.094 0.031 0.328
0.219 0.094 0.015 0.328
0.203 0.094 0.015 0.312
0.563 3.272 0.063 3.898
0.203 0.125 0 0.328
0.203 0.109 0.016 0.328
0.188 0.109 0 0.297
0.219 0.266 0.015 0.5
0.203 0.078 0.015 0.296
0.125 0.093 0.016 0.234
0.125 0.094 0.016 0.235
0.234 0.172 0.016 0.422
0.203 0.093 0 0.296
0.219 0.094 0.015 0.328
0.203 0.094 0.016 0.313
0.25 0.172 0.015 0.437
0.204 0.078 0.015 0.297
0.188 0.109 0.016 0.313
0.188 0.109 0 0.297
0.563 3.281 0.063 3.907
0.172 0.125 0.015 0.312
0.172 0.109 0.016 0.297
0.125 0.094 0 0.219
