0.582 3.652 1.256 5.49
0.11 0.078 0.015 0.203
0.557 3.646 1.183 5.386
0.109 0.078 0.016 0.203
0.203 0.11 0 0.313
0.157 0.093 0 0.25
0.578 3.815 1.175 5.568
0.094 0.093 0.016 0.203
0.203 0.11 0 0.313
0.141 0.105 0.016 0.262
0.238 0.156 0.016 0.41
0.125 0.094 0.015 0.234
0.156 0.11 0.312 0.578
0.172 0.109 0 0.281
0.203 0.156 0.016 0.375
0.125 0.11 0 0.235
0.171 0.11 0 0.281
0.191 0.11 0 0.301
0.25 0.141 0.016 0.407
0.14 0.111 0.008 0.259
0.259 0.108 0 0.367
0.218 0.094 0.047 0.359
0.582 3.357 0.046 3.985
0.156 0.109 0.016 0.281
0.234 0.125 0 0.359
0.172 0.109 0.016 0.297
0.219 0.317 0.014 0.55
0.203 0.109 0 0.312
0.141 0.109 0.047 0.297
0.125 0.141 0 0.266
0.203 0.194 0.01 0.407
0.172 0.11 0.015 0.297
0.156 0.109 0.031 0.296
0.177 0.125 0 0.302
0.25 0.172 0.031 0.453
0.213 0.094 0.047 0.354
0.219 0.109 0.031 0.359
0.172 0.106 0.009 0.287
0.578 3.342 0.031 3.951
0.187 0.125 0.016 0.328
0.171 0.141 0.008 0.32
0.211 0.109 0.016 0.336
0.234 0.313 0.024 0.571
0.222 0.094 0.016 0.332
0.219 0.109 0.016 0.344
0.218 0.094 0.016 0.328
0.266 0.222 0 0.488
0.219 0.093 0 0.312
0.219 0.094 0.015 0.328
0.219 0.093 0.023 0.335
0.269 0.203 0.016 0.488
0.219 0.093 0 0.312
0.187 0.11 0.015 0.312
0.207 0.109 0 0.316
0.578 3.308 0.047 3.933
0.188 0.14 0 0.328
0.204 0.124 0.008 0.336
0.188 0.094 0.016 0.298
0.203 0.375 0.032 0.61
0.194 0.078 0.016 0.288
0.219 0.094 0.015 0.328
0.218 0.11 0 0.328
0.208 0.187 0.016 0.411
0.203 0.094 0 0.297
0.189 0.158 0.016 0.363
0.171 0.11 0 0.281
0.253 0.173 0 0.426
0.187 0.094 0.031 0.312
0.172 0.11 0 0.282
0.192 0.094 0.016 0.302
0.582 3.376 0.032 3.99
0.188 0.141 0.332 0.661
0.203 0.125 0.016 0.344
0.219 0.094 0.015 0.328
0.25 0.281 0.016 0.547
0.225 0.094 0 0.319
0.219 0.109 0 0.328
0.187 0.094 0.015 0.296
0.234 0.172 0.015 0.421
0.109 0.078 0.016 0.203
0.125 0.113 0.01 0.248
0.188 0.109 0 0.297
0.254 0.172 0.016 0.442
0.219 0.078 0.016 0.313
0.219 0.094 0.016 0.329
0.228 0.094 0.015 0.337
0.584 3.281 0.032 3.897
0.203 0.125 0 0.328
0.203 0.11 0.015 0.328
0.203 0.094 0 0.297
0.218 0.26 0.015 0.493
0.221 0.078 0.016 0.315
0.141 0.093 0.016 0.25
0.141 0.093 0 0.234
0.234 0.188 0 0.422
0.195 0.094 0 0.289
0.221 0.094 0.016 0.331
0.187 0.109 0.036 0.332
0.25 0.171 0.016 0.437
0.203 0.093 0 0.296
0.203 0.094 0.016 0.313
0.191 0.093 0.016 0.3
0.567 3.289 0.031 3.887
0.172 0.125 0 0.297
0.172 0.109 0.016 0.297
0.11 0.094 0 0.204
