0.531 1.734 1.219 3.484
0.266 0.187 0.016 0.469
0.28 0.187 0.016 0.483
0.281 0.172 0.031 0.484
0.328 0.313 0.031 0.672
0.297 0.172 0.031 0.5
0.297 0.203 0.016 0.516
0.282 0.203 0.031 0.516
0.328 0.36 0.031 0.719
0.171 0.204 0.015 0.39
0.219 0.25 0.016 0.485
0.281 0.234 0.016 0.531
0.344 0.359 0.031 0.734
0.25 0.218 0.032 0.5
0.25 0.203 0.016 0.469
0.25 0.187 0.031 0.468
0.515 1.485 0.047 2.047
0.219 0.219 0.015 0.453
0.25 0.203 0.016 0.469
0.25 0.188 0.031 0.469
0.344 0.359 0.031 0.734
0.266 0.187 0.032 0.485
0.25 0.203 0.016 0.469
0.25 0.203 0.016 0.469
0.36 0.343 0.032 0.735
0.281 0.188 0.015 0.484
0.297 0.203 0.016 0.516
0.187 0.203 0.016 0.406
0.313 0.344 0.031 0.688
0.25 0.203 0.016 0.469
0.297 0.203 0.015 0.515
0.25 0.188 0.016 0.454
0.516 1.734 0.047 2.297
0.25 0.203 0.016 0.469
0.282 0.203 0.015 0.5
0.281 0.203 0.016 0.5
0.344 0.375 0.047 0.766
0.25 0.203 0.016 0.469
0.219 0.203 0.016 0.438
0.219 0.203 0.016 0.438
0.343 0.391 0.031 0.765
0.203 0.203 0.032 0.438
0.235 0.218 0.016 0.469
0.234 0.188 0.015 0.437
0.359 0.391 0.062 0.812
0.265 0.219 0.031 0.515
0.234 0.25 0.032 0.516
0.204 0.218 0.016 0.438
0.547 1.844 0.062 2.453
0.297 0.219 0.015 0.531
0.297 0.234 0.016 0.547
0.265 0.219 0.047 0.531
0.313 0.422 0.062 0.797
0.234 0.204 0.031 0.469
0.266 0.234 0.016 0.516
0.25 0.219 0.015 0.484
0.343 0.438 0.047 0.828
0.282 0.234 0.031 0.547
0.281 0.25 0.016 0.547
0.281 0.219 0.047 0.547
0.344 0.437 0.047 0.828
0.265 0.219 0.016 0.5
0.266 0.219 0.015 0.5
0.25 0.219 0.031 0.5
0.531 1.844 0.062 2.437
0.281 0.234 0.016 0.531
0.281 0.235 0.015 0.531
0.297 0.219 0.016 0.532
0.344 0.406 0.047 0.797
0.281 0.203 0.016 0.5
0.281 0.219 0.015 0.515
0.25 0.219 0.016 0.485
0.36 0.375 0.047 0.782
0.219 0.235 0.031 0.485
0.266 0.234 0.016 0.516
0.281 0.203 0.016 0.5
0.36 0.39 0.063 0.813
0.297 0.203 0.015 0.515
0.281 0.25 0.016 0.547
0.296 0.219 0.031 0.546
0.531 1.672 0.063 2.266
0.25 0.218 0.016 0.484
0.25 0.234 0.016 0.5
0.266 0.203 0.016 0.485
0.344 0.422 0.047 0.813
0.296 0.219 0.016 0.531
0.25 0.235 0.015 0.5
0.234 0.235 0.015 0.484
0.344 0.375 0.031 0.75
0.218 0.235 0.015 0.468
0.25 0.234 0.016 0.5
0.25 0.219 0.031 0.5
0.359 0.485 0.031 0.875
0.234 0.219 0.016 0.469
0.281 0.234 0.016 0.531
0.266 0.234 0.016 0.516
0.531 1.735 0.047 2.313
0.282 0.218 0.016 0.516
0.281 0.249 0.016 0.546
0.296 0.219 0.016 0.531
