0.547 1.813 1.614 3.974
0.265 0.172 0.016 0.453
0.296 0.204 0.015 0.515
0.282 0.187 0.016 0.485
0.343 0.328 0.016 0.687
0.297 0.188 0.187 0.672
0.297 0.219 0.078 0.594
0.313 0.203 0.016 0.532
0.343 0.36 0.031 0.734
0.172 0.203 0.016 0.391
0.235 0.234 0.016 0.485
0.281 0.234 0 0.515
0.344 0.359 0.016 0.719
0.25 0.234 0.016 0.5
0.266 0.187 0.016 0.469
0.25 0.188 0.015 0.453
0.531 1.484 0.016 2.031
0.219 0.219 0 0.438
0.266 0.187 0.016 0.469
0.265 0.188 0.015 0.468
0.328 0.359 0.016 0.703
0.266 0.187 0.016 0.469
0.25 0.203 0.016 0.469
0.25 0.203 0.015 0.468
0.359 0.344 0.031 0.734
0.265 0.188 0.015 0.468
0.297 0.203 0.016 0.516
0.187 0.204 0.015 0.406
0.313 0.328 0.031 0.672
0.266 0.188 0.015 0.469
0.297 0.187 0.016 0.5
0.25 0.188 0.015 0.453
0.516 1.656 0.031 2.203
0.25 0.203 0 0.453
0.281 0.187 0.016 0.484
0.266 0.203 0 0.469
0.328 0.391 0.015 0.734
0.25 0.203 0.016 0.469
0.234 0.203 0.016 0.453
0.218 0.203 0.016 0.437
0.344 0.391 0.015 0.75
0.203 0.203 0.016 0.422
0.219 0.219 0.015 0.453
0.219 0.203 0.015 0.437
0.375 0.391 0.015 0.781
0.265 0.219 0.016 0.5
0.234 0.266 0.015 0.515
0.204 0.218 0.016 0.438
0.532 1.906 0.031 2.469
0.296 0.219 0.016 0.531
0.297 0.234 0.016 0.547
0.25 0.344 0.016 0.61
0.312 0.422 0.031 0.765
0.235 0.218 0.016 0.469
0.282 0.218 0.016 0.516
0.266 0.281 0.016 0.563
0.344 0.437 0.016 0.797
0.282 0.234 0 0.516
0.281 0.237 0.032 0.55
0.281 0.235 0.015 0.531
0.344 0.437 0.032 0.813
0.266 0.218 0 0.484
0.266 0.219 0.015 0.5
0.25 0.235 0.015 0.5
0.531 1.859 0.032 2.422
0.296 0.235 0.015 0.546
0.281 0.235 0.015 0.531
0.297 0.219 0 0.516
0.344 0.406 0.032 0.782
0.297 0.188 0.015 0.5
0.281 0.219 0.015 0.515
0.265 0.219 0.016 0.5
0.359 0.375 0.016 0.75
0.219 0.235 0.015 0.469
0.265 0.235 0.015 0.515
0.265 0.219 0 0.484
0.359 0.407 0.015 0.781
0.282 0.203 0.015 0.5
0.266 0.25 0.016 0.532
0.313 0.219 0.015 0.547
0.531 1.672 0.031 2.234
0.265 0.203 0.016 0.484
0.25 0.235 0 0.485
0.266 0.203 0.016 0.485
0.344 0.438 0.015 0.797
0.297 0.218 0.016 0.531
0.235 0.234 0 0.469
0.218 0.219 0.016 0.453
0.36 0.375 0.015 0.75
0.219 0.218 0.016 0.453
0.235 0.25 0.015 0.5
0.25 0.219 0.016 0.485
0.359 0.406 0.032 0.797
0.235 0.219 0.015 0.469
0.281 0.25 0.047 0.578
0.281 0.234 0.031 0.546
0.594 1.938 0.031 2.563
0.281 0.234 0.016 0.531
0.297 0.266 0 0.563
0.297 0.219 0.016 0.532
