0.142 0.54 0.512 1.194
0.064 0.048 0.016 0.128
0.066 0.045 0.016 0.127
0.067 0.047 0.017 0.131
0.085 0.078 0.021 0.185
0.067 0.05 0.015 0.132
0.07 0.048 0.017 0.135
0.065 0.044 0.015 0.124
0.08 0.082 0.019 0.181
0.048 0.043 0.015 0.106
0.064 0.054 0.016 0.134
0.077 0.042 0.016 0.135
0.092 0.082 0.018 0.192
0.081 0.052 0.014 0.147
0.078 0.045 0.015 0.138
0.074 0.044 0.015 0.133
0.138 0.389 0.025 0.552
0.04 0.048 0.022 0.11
0.055 0.046 0.015 0.116
0.069 0.046 0.014 0.129
0.089 0.082 0.018 0.189
0.074 0.043 0.015 0.132
0.077 0.05 0.014 0.141
0.066 0.045 0.031 0.142
0.094 0.077 0.018 0.189
0.069 0.044 0.014 0.127
0.064 0.049 0.015 0.128
0.046 0.047 0.015 0.108
0.078 0.084 0.018 0.18
0.052 0.048 0.016 0.116
0.062 0.05 0.016 0.128
0.053 0.047 0.016 0.116
0.138 0.387 0.028 0.553
0.053 0.044 0.018 0.115
0.068 0.051 0.015 0.134
0.068 0.047 0.025 0.14
0.083 0.088 0.019 0.19
0.046 0.048 0.017 0.111
0.056 0.052 0.015 0.123
0.053 0.051 0.015 0.119
0.08 0.093 0.019 0.192
0.05 0.051 0.017 0.118
0.045 0.048 0.015 0.108
0.048 0.045 0.015 0.108
0.09 0.089 0.019 0.198
0.046 0.047 0.015 0.108
0.049 0.062 0.015 0.126
0.047 0.053 0.016 0.116
0.14 0.416 0.026 0.582
0.072 0.051 0.015 0.138
0.074 0.056 0.016 0.146
0.053 0.054 0.015 0.122
0.08 0.097 0.019 0.196
0.05 0.05 0.015 0.115
0.063 0.054 0.016 0.133
0.073 0.047 0.015 0.135
0.095 0.091 0.02 0.206
0.076 0.053 0.015 0.144
0.061 0.069 0.018 0.148
0.066 0.057 0.017 0.14
0.099 0.113 0.021 0.233
0.054 0.048 0.016 0.118
0.082 0.065 0.017 0.164
0.066 0.052 0.015 0.133
0.139 0.402 0.024 0.565
0.055 0.049 0.016 0.12
0.066 0.05 0.015 0.131
0.067 0.053 0.015 0.135
0.089 0.096 0.019 0.204
0.071 0.049 0.015 0.135
0.062 0.055 0.016 0.133
0.057 0.045 0.019 0.121
0.084 0.086 0.019 0.189
0.055 0.052 0.015 0.122
0.066 0.053 0.015 0.134
0.07 0.051 0.016 0.137
0.094 0.089 0.019 0.202
0.074 0.053 0.015 0.142
0.079 0.051 0.015 0.145
0.073 0.054 0.015 0.142
0.141 0.448 0.024 0.613
0.054 0.052 0.016 0.122
0.069 0.052 0.016 0.137
0.074 0.047 0.017 0.138
0.084 0.096 0.019 0.199
0.066 0.049 0.015 0.13
0.074 0.052 0.015 0.141
0.059 0.056 0.016 0.131
0.085 0.094 0.019 0.198
0.053 0.059 0.016 0.128
0.052 0.058 0.016 0.126
0.048 0.055 0.017 0.12
0.083 0.103 0.02 0.206
0.044 0.055 0.016 0.115
0.056 0.057 0.016 0.129
0.064 0.054 0.015 0.133
0.146 0.412 0.039 0.597
0.075 0.051 0.015 0.141
0.082 0.057 0.016 0.155
0.077 0.058 0.015 0.15
