0.047 0.254 0.338 0.639
0.016 0 0.015 0.031
0.031 0 0 0.031
0.016 0.015 0 0.031
0.031 0.016 0 0.047
0.015 0 0.016 0.031
0.016 0.015 0 0.031
0.015 0 0.016 0.031
0.016 0.016 0.015 0.047
0.015 0.016 0 0.031
0.031 0 0 0.031
0.016 0 0.015 0.031
0.032 0.015 0 0.047
0.015 0.016 0 0.031
0.016 0.015 0 0.031
0.031 0 0 0.031
0.062 0.188 0.016 0.266
0.016 0.015 0 0.031
0.016 0.015 0 0.031
0.016 0 0.015 0.031
0.032 0.015 0 0.047
0.016 0.016 0 0.032
0.015 0 0.016 0.031
0.015 0.016 0 0.031
0.015 0.016 0.016 0.047
0.016 0 0.015 0.031
0.016 0 0.016 0.032
0.015 0.016 0 0.031
0.031 0.016 0 0.047
0.015 0 0.016 0.031
0 0.016 0 0.016
0.016 0.015 0 0.031
0.047 0.203 0.016 0.266
0.016 0 0.016 0.032
0.015 0.016 0 0.031
0.015 0.016 0 0.031
0.031 0.031 0 0.062
0.016 0.016 0 0.032
0.031 0 0.016 0.047
0.016 0.015 0 0.031
0.031 0.016 0 0.047
0.031 0 0 0.031
0.016 0 0.016 0.032
0.031 0 0 0.031
0.016 0.031 0 0.047
0.016 0 0.016 0.032
0.016 0.015 0 0.031
0.031 0 0.016 0.047
0.047 0.177 0.016 0.24
0.016 0.016 0 0.032
0.015 0 0.016 0.031
0.016 0.015 0 0.031
0.031 0.015 0.016 0.062
0.015 0.016 0 0.031
0.016 0.015 0 0.031
0.016 0 0.015 0.031
0.031 0.016 0 0.047
0.016 0.015 0 0.031
0.016 0.015 0 0.031
0.016 0.015 0 0.031
0.031 0.016 0.015 0.062
0.016 0 0.016 0.032
0.032 0 0.015 0.047
0.031 0 0 0.031
0.047 0.188 0.015 0.25
0.016 0 0.016 0.032
0.016 0.015 0 0.031
0.015 0.016 0 0.031
0.032 0.015 0 0.047
0.015 0 0.094 0.109
0.015 0.008 0.006 0.029
0.015 0 0 0.015
0.032 0.015 0 0.047
0.016 0.016 0 0.032
0.015 0.016 0 0.031
0.018 0.008 0.006 0.032
0.032 0.015 0 0.047
0.016 0 0.016 0.032
0.015 0.016 0 0.031
0.016 0 0.016 0.032
0.063 0.175 0.016 0.254
0.015 0.016 0 0.031
0.016 0 0.015 0.031
0.016 0 0.016 0.032
0.031 0.02 0.007 0.058
0.016 0 0.015 0.031
0.016 0.016 0 0.032
0.015 0.016 0 0.031
0.016 0.015 0.016 0.047
0.016 0.015 0 0.031
0.016 0 0.015 0.031
0.031 0 0.016 0.047
0.03 0.002 0.016 0.048
0.016 0.016 0 0.032
0.016 0.016 0 0.032
0.015 0.016 0 0.031
0.062 0.172 0.016 0.25
0.031 0 0 0.031
0.015 0 0.016 0.031
0.015 0.016 0 0.031
