0.063 0.25 0.375 0.688
0.015 0 0.016 0.031
0.016 0.015 0 0.031
0.016 0.016 0 0.032
0.031 0.016 0 0.047
0.015 0.016 0 0.031
0.031 0 0.016 0.047
0.016 0.015 0 0.031
0.015 0.016 0.016 0.047
0.015 0.016 0 0.031
0.031 0 0.016 0.047
0.016 0.016 0.015 0.047
0.031 0.015 0 0.046
0.015 0.016 0 0.031
0.015 0.016 0 0.031
0.015 0.016 0 0.031
0.062 0.172 0.031 0.265
0.016 0.015 0 0.031
0.031 0 0.016 0.047
0.031 0 0 0.031
0.031 0.016 0 0.047
0.015 0.016 0 0.031
0.016 0.015 0 0.031
0.016 0.015 0 0.031
0.031 0.015 0 0.046
0.016 0 0.015 0.031
0.016 0.016 0 0.032
0.015 0.016 0 0.031
0.032 0.015 0 0.047
0.016 0.016 0 0.032
0.016 0.015 0 0.031
0.016 0.015 0 0.031
0.047 0.203 0.015 0.265
0.015 0 0 0.015
0.016 0 0.015 0.031
0.016 0 0 0.016
0.016 0.031 0 0.047
0.016 0.016 0 0.032
0.031 0 0.016 0.047
0.016 0.016 0 0.032
0.031 0.016 0 0.047
0.031 0 0 0.031
0.016 0.015 0 0.031
0.015 0 0.016 0.031
0.031 0.016 0.015 0.062
0.016 0 0.015 0.031
0.031 0 0.015 0.046
0.016 0.015 0 0.031
0.047 0.172 0.031 0.25
0.016 0 0.016 0.032
0.016 0 0.015 0.031
0.031 0 0 0.031
0.016 0.015 0.016 0.047
0.015 0.016 0 0.031
0.016 0.016 0 0.032
0.016 0.015 0.016 0.047
0.015 0.016 0.015 0.046
0.015 0.016 0 0.031
0.016 0.016 0 0.032
0.016 0.015 0.016 0.047
0.031 0.015 0 0.046
0.031 0 0 0.031
0.016 0.016 0 0.032
0.032 0 0.015 0.047
0.047 0.188 0.015 0.25
0.016 0 0 0.016
0.016 0.015 0 0.031
0.031 0 0 0.031
0.031 0.016 0 0.047
0.015 0 0 0.015
0.015 0 0.016 0.031
0.016 0.015 0 0.031
0.015 0.016 0.015 0.046
0.016 0 0.015 0.031
0.015 0.016 0 0.031
0.016 0.015 0 0.031
0.015 0.016 0.015 0.046
0.016 0.015 0 0.031
0.015 0.016 0 0.031
0.016 0 0.016 0.032
0.063 0.172 0.031 0.266
0.016 0 0.016 0.032
0.016 0 0.015 0.031
0.016 0.015 0 0.031
0.031 0.016 0.015 0.062
0.016 0 0.015 0.031
0.032 0 0.015 0.047
0.016 0.015 0 0.031
0.032 0.015 0.016 0.063
0.015 0.016 0 0.031
0.016 0.016 0 0.032
0.016 0.016 0 0.032
0.031 0.016 0.015 0.062
0.016 0.015 0 0.031
0.031 0 0.016 0.047
0.015 0.016 0 0.031
0.047 0.172 0.015 0.234
0.015 0 0.016 0.031
0.031 0 0.016 0.047
0.015 0 0.016 0.031
