0.141 0.219 0.549 0.909
0.078 0.094 0.016 0.188
0.094 0.125 0.016 0.235
0.093 0.141 0.019 0.253
0.141 0.125 0.015 0.281
0.078 0.094 0.028 0.2
0.094 0.11 0.015 0.219
0.093 0.079 0.015 0.187
0.13 0.109 0.016 0.255
0.078 0.093 0.016 0.187
0.11 0.094 0.015 0.219
0.093 0.094 0.016 0.203
0.13 0.125 0.015 0.27
0.078 0.094 0 0.172
0.11 0.109 0.016 0.235
0.088 0.094 0.016 0.198
0.141 0.203 0.016 0.36
0.085 0.077 0 0.162
0.109 0.094 0.015 0.218
0.109 0.078 0.016 0.203
0.141 0.112 0.016 0.269
0.079 0.078 0.015 0.172
0.109 0.094 0 0.203
0.094 0.078 0.015 0.187
0.141 0.109 0.016 0.266
0.093 0.063 0 0.156
0.094 0.109 0 0.203
0.109 0.066 0.015 0.19
0.125 0.125 0.016 0.266
0.078 0.078 0 0.156
0.093 0.079 0.015 0.187
0.093 0.079 0 0.172
0.133 0.187 0.016 0.336
0.094 0.062 0.016 0.172
0.094 0.109 0 0.203
0.093 0.079 0.015 0.187
0.128 0.156 0.016 0.3
0.078 0.078 0.015 0.171
0.094 0.112 0.016 0.222
0.094 0.094 0 0.188
0.128 0.125 0.016 0.269
0.094 0.078 0.016 0.188
0.094 0.109 0 0.203
0.11 0.078 0.015 0.203
0.125 0.141 0.015 0.281
0.094 0.078 0.016 0.188
0.11 0.109 0 0.219
0.094 0.078 0.016 0.188
0.146 0.187 0.016 0.349
0.094 0.078 0 0.172
0.094 0.109 0.016 0.219
0.077 0.094 0.016 0.187
0.141 0.125 0.016 0.282
0.078 0.109 0.016 0.203
0.094 0.125 0.016 0.235
0.094 0.093 0.016 0.203
0.141 0.141 0.015 0.297
0.078 0.094 0.016 0.188
0.101 0.109 0.016 0.226
0.094 0.109 0 0.203
0.125 0.161 0.016 0.302
0.078 0.109 0 0.187
0.11 0.128 0.015 0.253
0.093 0.094 0.016 0.203
0.141 0.219 0.015 0.375
0.078 0.094 0.015 0.187
0.094 0.093 0.016 0.203
0.093 0.094 0 0.187
0.125 0.141 0.015 0.281
0.078 0.094 0.016 0.188
0.109 0.094 0.015 0.218
0.094 0.094 0 0.188
0.125 0.14 0.016 0.281
0.078 0.079 0.015 0.172
0.094 0.078 0.015 0.187
0.094 0.094 0 0.188
0.125 0.141 0.015 0.281
0.078 0.078 0.016 0.172
0.099 0.093 0.016 0.208
0.093 0.078 0.016 0.187
0.147 0.266 0.015 0.428
0.078 0.078 0 0.156
0.109 0.094 0.016 0.219
0.094 0.094 0.015 0.203
0.129 0.14 0.016 0.285
0.079 0.093 0.016 0.188
0.093 0.116 0.003 0.212
0.078 0.094 0 0.172
0.125 0.125 0.015 0.265
0.081 0.062 0.016 0.159
0.109 0.078 0.016 0.203
0.094 0.094 0 0.188
0.125 0.14 0.016 0.281
0.078 0.094 0 0.172
0.098 0.078 0.016 0.192
0.094 0.063 0.015 0.172
0.146 0.376 0.015 0.537
0.078 0.078 0 0.156
0.094 0.109 0.016 0.219
0.094 0.078 0 0.172
