0.141 0.234 0.609 0.984
0.093 0.078 0.032 0.203
0.094 0.125 0.031 0.25
0.109 0.11 0.015 0.234
0.141 0.125 0.031 0.297
0.094 0.094 0.031 0.219
0.109 0.109 0.032 0.25
0.093 0.094 0.016 0.203
0.141 0.109 0.016 0.266
0.094 0.078 0.016 0.188
0.094 0.093 0.032 0.219
0.094 0.094 0.031 0.219
0.141 0.125 0.047 0.313
0.094 0.078 0.031 0.203
0.094 0.109 0.032 0.235
0.094 0.078 0.047 0.219
0.156 0.203 0.016 0.375
0.078 0.078 0.047 0.203
0.109 0.094 0.015 0.218
0.109 0.079 0.031 0.219
0.141 0.125 0.016 0.282
0.094 0.078 0.016 0.188
0.094 0.093 0.032 0.219
0.109 0.094 0.078 0.281
0.156 0.125 0.047 0.328
0.078 0.063 0.031 0.172
0.109 0.094 0.031 0.234
0.094 0.078 0.047 0.219
0.141 0.125 0.031 0.297
0.094 0.078 0.047 0.219
0.109 0.079 0.015 0.203
0.109 0.078 0.031 0.218
0.141 0.188 0.015 0.344
0.078 0.078 0.016 0.172
0.094 0.094 0.031 0.219
0.079 0.093 0.016 0.188
0.141 0.14 0.016 0.297
0.094 0.078 0.031 0.203
0.109 0.125 0.016 0.25
0.094 0.078 0.031 0.203
0.141 0.125 0.031 0.297
0.094 0.094 0.016 0.204
0.11 0.093 0.016 0.219
0.093 0.094 0.031 0.218
0.125 0.141 0.016 0.282
0.093 0.078 0.032 0.203
0.11 0.093 0.032 0.235
0.093 0.078 0.016 0.187
0.141 0.203 0.015 0.359
0.078 0.078 0.016 0.172
0.094 0.109 0.032 0.235
0.094 0.094 0.015 0.203
0.141 0.14 0.031 0.312
0.078 0.11 0.015 0.203
0.094 0.14 0.016 0.25
0.094 0.078 0.031 0.203
0.125 0.141 0.016 0.282
0.094 0.078 0.015 0.187
0.093 0.125 0.032 0.25
0.094 0.11 0.031 0.235
0.125 0.141 0.031 0.297
0.094 0.094 0.015 0.203
0.109 0.125 0.016 0.25
0.094 0.094 0.015 0.203
0.141 0.234 0.016 0.391
0.078 0.094 0.015 0.187
0.094 0.109 0.016 0.219
0.093 0.094 0.016 0.203
0.125 0.14 0.031 0.296
0.078 0.094 0.187 0.359
0.094 0.109 0.031 0.234
0.094 0.094 0.031 0.219
0.156 0.141 0.109 0.406
0.078 0.078 0.031 0.187
0.094 0.094 0.015 0.203
0.094 0.078 0.031 0.203
0.14 0.125 0.032 0.297
0.094 0.078 0.016 0.188
0.11 0.093 0.032 0.235
0.109 0.079 0.015 0.203
0.141 0.265 0.016 0.422
0.078 0.079 0.015 0.172
0.109 0.094 0.016 0.219
0.093 0.094 0.016 0.203
0.14 0.141 0.031 0.312
0.093 0.094 0.016 0.203
0.109 0.109 0.016 0.234
0.094 0.093 0.032 0.219
0.125 0.14 0.032 0.297
0.078 0.078 0.016 0.172
0.094 0.093 0.016 0.203
0.094 0.094 0.047 0.235
0.141 0.141 0.031 0.313
0.078 0.078 0.016 0.172
0.093 0.079 0.031 0.203
0.093 0.063 0.015 0.171
0.141 0.265 0.031 0.437
0.078 0.078 0.016 0.172
0.094 0.094 0.031 0.219
0.094 0.062 0.016 0.172
