0.063 0.312 0.375 0.75
0.016 0 0.016 0.032
0.031 0 0.016 0.047
0.031 0 0.016 0.047
0.015 0.016 0.016 0.047
0.016 0 0.015 0.031
0.031 0.016 0 0.047
0.016 0.015 0 0.031
0.031 0.015 0.016 0.062
0.031 0 0 0.031
0.016 0.016 0 0.032
0.016 0.015 0 0.031
0.031 0.016 0.015 0.062
0.016 0.016 0 0.032
0.016 0.016 0 0.032
0.032 0 0.015 0.047
0.062 0.235 0.031 0.328
0.031 0 0 0.031
0.015 0.016 0.016 0.047
0.016 0 0.016 0.032
0.016 0.031 0 0.047
0.032 0 0 0.032
0.016 0.015 0 0.031
0.015 0.016 0 0.031
0.031 0.032 0.015 0.078
0.031 0 0.016 0.047
0.016 0.015 0 0.031
0.031 0 0.016 0.047
0.032 0.015 0 0.047
0.016 0.015 0 0.031
0.031 0 0.016 0.047
0.032 0 0.015 0.047
0.078 0.266 0.016 0.36
0.031 0 0 0.031
0.015 0.016 0 0.031
0.015 0.016 0 0.031
0.032 0.015 0.016 0.063
0.016 0.015 0 0.031
0.016 0.015 0 0.031
0.015 0 0.016 0.031
0.031 0.016 0 0.047
0.016 0 0.015 0.031
0.015 0 0.016 0.031
0.032 0 0 0.032
0.015 0.016 0.015 0.046
0.015 0.016 0 0.031
0.016 0.015 0 0.031
0.016 0.016 0 0.032
0.062 0.281 0.032 0.375
0.016 0 0.016 0.032
0.016 0 0.015 0.031
0.016 0.016 0 0.032
0.016 0.015 0.016 0.047
0.015 0.016 0 0.031
0.015 0 0.016 0.031
0.031 0 0.015 0.046
0.032 0.015 0.016 0.063
0.016 0 0.015 0.031
0.016 0.016 0 0.032
0.016 0.016 0 0.032
0.031 0.016 0 0.047
0.016 0 0.016 0.032
0.015 0.016 0 0.031
0.015 0 0.016 0.031
0.062 0.281 0.032 0.375
0.015 0 0.016 0.031
0.016 0.015 0 0.031
0.016 0.015 0 0.031
0.015 0.031 0 0.046
0.015 0.016 0 0.031
0.016 0.016 0 0.032
0.016 0.016 0 0.032
0.031 0.016 0 0.047
0.016 0.016 0 0.032
0.016 0.016 0 0.032
0.015 0 0.016 0.031
0.016 0.016 0.015 0.047
0.015 0 0.016 0.031
0.015 0.016 0 0.031
0.015 0.016 0 0.031
0.062 0.25 0.031 0.343
0.016 0.016 0 0.032
0.031 0 0.016 0.047
0.031 0 0.016 0.047
0.016 0.031 0 0.047
0.016 0.016 0 0.032
0.015 0.016 0 0.031
0.016 0.015 0 0.031
0.031 0.016 0 0.047
0.015 0.016 0 0.031
0.031 0 0.016 0.047
0.016 0.015 0 0.031
0.031 0.016 0.016 0.063
0.031 0 0 0.031
0.031 0 0.016 0.047
0.016 0.015 0.016 0.047
0.062 0.297 0.016 0.375
0.016 0.015 0 0.031
0.016 0.016 0 0.032
0.015 0.016 0 0.031
