0.063 0.315 0.353 0.731
0.015 0.016 0 0.031
0.016 0.015 0 0.031
0.016 0.016 0.009 0.041
0.016 0.015 0.016 0.047
0.015 0.016 0 0.031
0.015 0.016 0 0.031
0.015 0.016 0 0.031
0.039 0.019 0.008 0.066
0.015 0.016 0 0.031
0.031 0 0.016 0.047
0.016 0.015 0 0.031
0.015 0.031 0 0.046
0.032 0 0 0.032
0.031 0 0.016 0.047
0.031 0 0.016 0.047
0.063 0.25 0.015 0.328
0.015 0.016 0 0.031
0.015 0.016 0 0.031
0.031 0 0.016 0.047
0.031 0.032 0 0.063
0.015 0 0.016 0.031
0.016 0 0.015 0.031
0.016 0.016 0 0.032
0.031 0.016 0.016 0.063
0.016 0 0.015 0.031
0.016 0.015 0 0.031
0.016 0.015 0 0.031
0.031 0.016 0.02 0.067
0.016 0.015 0 0.031
0.015 0.016 0 0.031
0.031 0 0.016 0.047
0.062 0.266 0.015 0.343
0.016 0.016 0 0.032
0.015 0.016 0 0.031
0.016 0 0.016 0.032
0.016 0.031 0 0.047
0.016 0.016 0 0.032
0.015 0.018 0.005 0.038
0.016 0.015 0 0.031
0.019 0.016 0 0.035
0.016 0.015 0 0.031
0.015 0.016 0 0.031
0.016 0 0.016 0.032
0.016 0.015 0 0.031
0.015 0.016 0 0.031
0.015 0 0.016 0.031
0.031 0 0.016 0.047
0.055 0.281 0.016 0.352
0.016 0.015 0 0.031
0.016 0.016 0 0.032
0.016 0.016 0 0.032
0.031 0.016 0 0.047
0.015 0.016 0 0.031
0.016 0 0.015 0.031
0.032 0 0 0.032
0.015 0.016 0.016 0.047
0.016 0.016 0 0.032
0.016 0 0 0.016
0.016 0 0.015 0.031
0.031 0.019 0.008 0.058
0.031 0 0 0.031
0.016 0 0.016 0.032
0.015 0 0.016 0.031
0.063 0.265 0.016 0.344
0.019 0 0.015 0.034
0.019 0.008 0.006 0.033
0.016 0 0.015 0.031
0.032 0.015 0 0.047
0.016 0.016 0 0.032
0.015 0 0.016 0.031
0.015 0 0.016 0.031
0.015 0.032 0 0.047
0.016 0 0.016 0.032
0.016 0.016 0 0.032
0.031 0 0.016 0.047
0.031 0.015 0 0.046
0.031 0 0.016 0.047
0.015 0.016 0 0.031
0.031 0 0.016 0.047
0.062 0.254 0.015 0.331
0.015 0.016 0 0.031
0.031 0 0.016 0.047
0.031 0 0.016 0.047
0.032 0.015 0.016 0.063
0.016 0.016 0 0.032
0.031 0 0.016 0.047
0.016 0.015 0 0.031
0.032 0.024 0.008 0.064
0.016 0 0.015 0.031
0.016 0.016 0 0.032
0.031 0 0.016 0.047
0.031 0.016 0.015 0.062
0.016 0.016 0 0.032
0.016 0.015 0 0.031
0.016 0.015 0 0.031
0.062 0.316 0.015 0.393
0.032 0 0.015 0.047
0.032 0 0.015 0.047
0.023 0.008 0.022 0.053
