0.172 2.918 0.581 3.671
0.062 0.063 0.015 0.14
0.078 0.157 0.015 0.25
0.078 0.125 0.016 0.219
0.094 0.547 0.031 0.672
0.063 0.078 0.016 0.157
0.063 0.171 0.016 0.25
0.078 0.11 0.015 0.203
0.115 0.594 0.031 0.74
0.078 0.063 0.015 0.156
0.078 0.159 0.016 0.253
0.078 0.094 0.015 0.187
0.11 0.659 0.031 0.8
0.063 0.078 0.016 0.157
0.078 0.156 0.016 0.25
0.078 0.11 0.015 0.203
0.191 2.48 0.047 2.718
0.078 0.062 0.025 0.165
0.078 0.125 0.016 0.219
0.063 0.125 0 0.188
0.093 0.598 0.031 0.722
0.063 0.078 0.015 0.156
0.078 0.144 0 0.222
0.062 0.125 0.016 0.203
0.109 0.649 0.032 0.79
0.063 0.078 0.016 0.157
0.079 0.14 0.016 0.235
0.089 0.102 0.016 0.207
0.11 0.562 0.035 0.707
0.063 0.078 0.015 0.156
0.078 0.141 0.015 0.234
0.063 0.123 0.013 0.199
0.172 2.603 0.039 2.814
0.063 0.078 0 0.141
0.063 0.156 0.016 0.235
0.078 0.109 0.016 0.203
0.11 0.597 0.032 0.739
0.078 0.078 0.015 0.171
0.094 0.156 0.016 0.266
0.078 0.125 0.016 0.219
0.125 0.656 0.031 0.812
0.062 0.094 0.016 0.172
0.078 0.172 0.016 0.266
0.078 0.125 0.015 0.218
0.119 0.672 0.031 0.822
0.078 0.094 0 0.172
0.078 0.172 0 0.25
0.078 0.141 0.016 0.235
0.203 3.011 0.032 3.246
0.078 0.078 0.016 0.172
0.094 0.19 0.016 0.3
0.078 0.157 0 0.235
0.125 0.775 0.031 0.931
0.063 0.125 0.015 0.203
0.078 0.219 0.016 0.313
0.078 0.148 0.016 0.242
0.125 0.785 0.032 0.942
0.078 0.096 0.016 0.19
0.078 0.203 0.016 0.297
0.079 0.156 0.015 0.25
0.125 0.8 0.047 0.972
0.078 0.094 0.015 0.187
0.079 0.187 0.016 0.282
0.078 0.11 0.015 0.203
0.188 2.919 0.046 3.153
0.063 0.093 0.016 0.172
0.087 0.157 0 0.244
0.078 0.144 0.016 0.238
0.109 0.722 0.046 0.877
0.062 0.094 0 0.156
0.078 0.172 0.016 0.266
0.078 0.11 0.015 0.203
0.109 0.777 0.032 0.918
0.079 0.078 0.015 0.172
0.078 0.157 0.015 0.25
0.078 0.125 0.016 0.219
0.125 0.64 0.032 0.797
0.078 0.093 0.004 0.175
0.078 0.143 0.016 0.237
0.063 0.109 0.025 0.197
0.187 3.032 0.032 3.251
0.078 0.078 0 0.156
0.094 0.156 0.016 0.266
0.079 0.109 0.016 0.204
0.109 0.722 0.031 0.862
0.078 0.094 0.016 0.188
0.078 0.172 0.023 0.273
0.078 0.11 0.015 0.203
0.125 0.691 0.031 0.847
0.062 0.094 0.016 0.172
0.084 0.125 0.016 0.225
0.078 0.125 0.016 0.219
0.109 0.691 0.031 0.831
0.062 0.094 0.016 0.172
0.078 0.159 0.016 0.253
0.062 0.109 0.016 0.187
0.187 3.146 0.104 3.437
0.078 0.079 0.015 0.172
0.062 0.15 0.011 0.223
0.062 0.11 0.015 0.187
