0.188 2.828 0.625 3.641
0.062 0.078 0.016 0.156
0.078 0.156 0.016 0.25
0.078 0.14 0.016 0.234
0.093 0.547 0.047 0.687
0.062 0.079 0.015 0.156
0.062 0.172 0.016 0.25
0.078 0.109 0.016 0.203
0.109 0.594 0.047 0.75
0.078 0.062 0.016 0.156
0.078 0.14 0.032 0.25
0.078 0.11 0.015 0.203
0.109 0.657 0.046 0.812
0.062 0.078 0.016 0.156
0.078 0.156 0.016 0.25
0.078 0.11 0.015 0.203
0.172 2.484 0.063 2.719
0.078 0.078 0.015 0.171
0.078 0.141 0.015 0.234
0.063 0.125 0.015 0.203
0.109 0.594 0.047 0.75
0.078 0.094 0.015 0.187
0.079 0.14 0.031 0.25
0.062 0.125 0.016 0.203
0.109 0.656 0.047 0.812
0.078 0.078 0.015 0.171
0.078 0.157 0.015 0.25
0.078 0.109 0.016 0.203
0.11 0.562 0.047 0.719
0.079 0.078 0 0.157
0.078 0.141 0.016 0.235
0.079 0.109 0.016 0.204
0.172 2.703 0.062 2.937
0.078 0.078 0.016 0.172
0.079 0.14 0.031 0.25
0.078 0.125 0.016 0.219
0.109 0.594 0.047 0.75
0.078 0.078 0.016 0.172
0.094 0.188 0.015 0.297
0.078 0.11 0.015 0.203
0.109 0.657 0.046 0.812
0.079 0.093 0.016 0.188
0.078 0.172 0.015 0.265
0.062 0.125 0.031 0.218
0.109 0.672 0.047 0.828
0.063 0.109 0.016 0.188
0.078 0.172 0.015 0.265
0.094 0.14 0.016 0.25
0.187 2.953 0.078 3.218
0.062 0.094 0.016 0.172
0.078 0.203 0.015 0.296
0.078 0.14 0.032 0.25
0.109 0.781 0.047 0.937
0.079 0.109 0.031 0.219
0.078 0.219 0.016 0.313
0.079 0.156 0.015 0.25
0.125 0.781 0.063 0.969
0.078 0.094 0.016 0.188
0.078 0.203 0.015 0.296
0.078 0.157 0.015 0.25
0.125 0.812 0.047 0.984
0.078 0.094 0.016 0.188
0.079 0.171 0.032 0.282
0.079 0.125 0.015 0.219
0.188 2.922 0.062 3.172
0.078 0.094 0.016 0.188
0.078 0.156 0.016 0.25
0.078 0.14 0.032 0.25
0.109 0.734 0.047 0.89
0.078 0.078 0.016 0.172
0.079 0.171 0.047 0.297
0.078 0.109 0.032 0.219
0.109 0.766 0.047 0.922
0.078 0.079 0.015 0.172
0.078 0.156 0.031 0.265
0.078 0.125 0.016 0.219
0.125 0.641 0.047 0.813
0.062 0.094 0.016 0.172
0.078 0.14 0.032 0.25
0.062 0.11 0.031 0.203
0.188 3.015 0.063 3.266
0.078 0.063 0.015 0.156
0.078 0.156 0.032 0.266
0.079 0.125 0.015 0.219
0.109 0.719 0.047 0.875
0.078 0.094 0.015 0.187
0.078 0.172 0.015 0.265
0.078 0.109 0.016 0.203
0.125 0.687 0.047 0.859
0.063 0.093 0.016 0.172
0.079 0.125 0.015 0.219
0.078 0.125 0.031 0.234
0.125 0.688 0.046 0.859
0.078 0.094 0 0.172
0.078 0.156 0.031 0.265
0.078 0.11 0.015 0.203
0.187 3.125 0.063 3.375
0.078 0.078 0.015 0.171
0.078 0.14 0.016 0.234
0.062 0.11 0.015 0.187
