0.39 16.861 1.265 18.516
0.172 2.266 0.078 2.516
0.172 3.031 0.109 3.312
0.172 2.734 0.359 3.265
0.266 5.046 0.204 5.516
0.157 2.562 0.094 2.813
0.187 2.906 0.11 3.203
0.172 2.296 0.11 2.578
0.266 4.906 0.188 5.36
0.171 2.516 0.078 2.765
0.172 3.094 0.109 3.375
0.171 2.391 0.109 2.671
0.25 5.125 0.157 5.532
0.156 2.406 0.094 2.656
0.187 2.954 0.109 3.25
0.172 2.484 0.094 2.75
0.375 22.5 0.172 23.047
0.156 2.265 0.11 2.531
0.172 3.031 0.094 3.297
0.187 2.469 0.094 2.75
0.281 5.188 0.157 5.626
0.156 2.406 0.094 2.656
0.188 2.766 0.093 3.047
0.187 2.281 0.094 2.562
0.266 4.844 0.14 5.25
0.157 2.234 0.094 2.485
0.188 2.768 0.094 3.05
0.188 2.156 0.078 2.422
0.266 4.765 0.157 5.188
0.156 2.313 0.093 2.562
0.188 2.89 0.094 3.172
0.188 2.39 0.094 2.672
0.375 15.89 0.172 16.437
0.156 2.281 0.078 2.515
0.172 2.968 0.094 3.234
0.172 2.359 0.078 2.609
0.265 5.391 0.156 5.812
0.156 2.234 0.079 2.469
0.187 2.828 0.094 3.109
0.156 2.594 0.11 2.86
0.265 5.172 0.156 5.593
0.157 2.359 0.094 2.61
0.172 2.829 0.093 3.094
0.156 2.531 0.094 2.781
0.25 5.25 0.156 5.656
0.157 2.312 0.094 2.563
0.172 2.969 0.125 3.266
0.172 2.484 0.109 2.765
0.375 16.391 0.188 16.954
0.157 2.312 0.094 2.563
0.172 3 0.11 3.282
0.172 2.625 0.109 2.906
0.25 5.421 0.157 5.828
0.157 2.453 0.078 2.688
0.188 2.797 0.094 3.079
0.172 2.406 0.094 2.672
0.265 5.016 0.172 5.453
0.188 2.062 0.078 2.328
0.171 2.75 0.11 3.031
0.171 2.375 0.11 2.656
0.266 4.937 0.156 5.359
0.156 2.313 0.078 2.547
0.187 2.688 0.094 2.969
0.172 2.406 0.094 2.672
0.375 16.797 0.187 17.359
0.172 2.172 0.078 2.422
0.172 2.843 0.125 3.14
0.172 2.516 0.093 2.781
0.265 5.348 0.172 5.785
0.172 2.25 0.719 3.141
0.187 2.75 0.113 3.05
0.172 2.344 0.187 2.703
0.266 4.906 0.187 5.359
0.172 2.375 0.078 2.625
0.172 2.718 0.094 2.984
0.172 2.312 0.094 2.578
0.266 5.361 0.156 5.783
0.171 2.422 0.078 2.671
0.187 2.891 0.094 3.172
0.172 2.297 0.094 2.563
0.39 16.641 0.172 17.203
0.172 2.062 0.109 2.343
0.188 2.875 0.109 3.172
0.172 2.651 0.094 2.917
0.265 5.469 0.203 5.937
0.171 2.454 0.093 2.718
0.188 3.093 0.11 3.391
0.171 2.516 0.094 2.781
0.266 5.515 0.172 5.953
0.156 2.5 0.094 2.75
0.187 3.063 0.109 3.359
0.172 2.584 0.109 2.865
0.282 5.328 0.156 5.766
0.156 2.672 0.093 2.921
0.187 2.953 0.11 3.25
0.188 2.516 0.093 2.797
0.391 16.578 0.172 17.141
0.156 2.375 0.094 2.625
0.192 2.867 0.109 3.168
0.171 2.766 0.109 3.046
