0.39 16.575 1.177 18.142
0.178 2.271 0.047 2.496
0.176 3.025 0.063 3.264
0.172 2.747 0.063 2.982
0.266 5.01 0.094 5.37
0.159 2.54 0.047 2.746
0.187 2.906 0.063 3.156
0.171 2.294 0.047 2.512
0.266 4.872 0.094 5.232
0.159 2.512 0.062 2.733
0.172 3.097 0.063 3.332
0.172 2.39 0.063 2.625
0.259 5.09 0.094 5.443
0.156 2.413 0.059 2.628
0.191 2.948 0.063 3.202
0.172 2.463 0.062 2.697
0.39 15.882 0.203 16.475
0.156 2.263 0.046 2.465
0.172 3.026 0.063 3.261
0.188 2.421 0.047 2.656
0.265 5.077 0.093 5.435
0.165 2.397 0.063 2.625
0.188 2.762 0.062 3.012
0.172 2.244 0.063 2.479
0.266 4.828 0.078 5.172
0.141 2.246 0.047 2.434
0.172 2.775 0.062 3.009
0.188 2.153 0.047 2.388
0.266 4.941 0.078 5.285
0.157 2.506 0.045 2.708
0.184 3.204 0.063 3.451
0.173 2.574 0.061 2.808
0.418 18.434 0.103 18.955
0.159 2.543 0.047 2.749
0.169 2.963 0.063 3.195
0.174 2.865 0.063 3.102
0.27 5.893 0.105 6.268
0.161 2.287 0.043 2.491
0.177 2.971 0.055 3.203
0.171 2.711 0.063 2.945
0.255 5.12 0.095 5.47
0.175 2.609 0.047 2.831
0.176 2.85 0.062 3.088
0.163 2.531 0.063 2.757
0.262 6.073 0.102 6.438
0.175 2.298 0.062 2.535
0.183 3.287 0.076 3.546
0.16 2.583 0.057 2.8
0.372 17.697 0.211 18.28
0.163 2.375 0.062 2.6
0.176 3.103 0.069 3.348
0.172 2.677 0.063 2.912
0.254 5.509 0.094 5.857
0.156 2.494 0.047 2.697
0.187 3.005 0.062 3.254
0.175 2.49 0.063 2.728
0.266 5.883 0.109 6.258
0.177 2.272 0.047 2.496
0.172 2.862 0.062 3.096
0.172 2.626 0.063 2.861
0.266 5.031 0.094 5.391
0.156 2.405 0.053 2.614
0.203 2.874 0.062 3.139
0.172 2.464 0.062 2.698
0.375 16.984 0.093 17.452
0.156 2.255 0.045 2.456
0.209 2.91 0.053 3.172
0.172 2.623 0.063 2.858
0.266 5.535 0.109 5.91
0.172 2.294 0.047 2.513
0.172 2.839 0.063 3.074
0.172 2.359 0.063 2.594
0.255 4.969 0.087 5.311
0.171 2.494 0.063 2.728
0.203 3.391 0.058 3.652
0.172 2.798 0.047 3.017
0.266 5.373 0.094 5.733
0.171 2.92 0.046 3.137
0.188 3.057 0.063 3.308
0.171 2.346 0.062 2.579
0.375 18.565 0.11 19.05
0.187 2.07 0.063 2.32
0.187 2.902 0.063 3.152
0.172 2.921 0.062 3.155
0.266 5.794 0.094 6.154
0.162 2.507 0.047 2.716
0.203 3.157 0.078 3.438
0.188 2.543 0.062 2.793
0.266 5.749 0.094 6.109
0.157 2.522 0.051 2.73
0.171 3.154 0.063 3.388
0.171 2.612 0.078 2.861
0.269 5.363 0.094 5.726
0.157 2.703 0.068 2.928
0.188 2.962 0.063 3.213
0.187 2.542 0.046 2.775
0.381 16.947 0.109 17.437
0.157 2.399 0.047 2.603
0.203 2.955 0.063 3.221
0.172 2.782 0.062 3.016
