0.015 0.078 0.188 0.281
0.017 0.008 0.007 0.032
0.015 0 0.016 0.031
0 0 0.016 0.016
0 0.015 0.016 0.031
0 0 0.016 0.016
0 0 0.016 0.016
0.016 0 0.015 0.031
0.016 0 0.015 0.031
0 0 0.015 0.015
0 0.016 0 0.016
0 0.016 0 0.016
0.016 0.015 0 0.031
0 0 0.016 0.016
0.01 0.006 0.008 0.024
0 0 0.016 0.016
0.016 0.031 0 0.047
0 0 0.016 0.016
0 0 0.015 0.015
0 0 0.016 0.016
0 0.015 0 0.015
0.016 0 0.016 0.032
0.016 0 0 0.016
0.007 0.004 0.008 0.019
0 0.015 0.016 0.031
0 0.016 0 0.016
0 0.015 0 0.015
0 0.015 0 0.015
0 0.016 0 0.016
0 0 0.016 0.016
0 0 0.015 0.015
0 0 0.016 0.016
0 0.039 0.003 0.042
0 0.015 0 0.015
0.015 0 0 0.015
0 0 0 0
0.016 0 0.016 0.032
0.016 0 0 0.016
0.016 0 0 0.016
0 0.016 0 0.016
0.016 0 0.016 0.032
0 0 0.016 0.016
0.016 0 0 0.016
0 0.015 0 0.015
0 0.016 0 0.016
0.015 0 0 0.015
0.015 0 0.016 0.031
0 0 0.016 0.016
0 0.031 0 0.031
0 0 0 0
0.016 0 0 0.016
0 0 0.016 0.016
0.015 0.016 0 0.031
0.005 0.003 0.007 0.015
0.015 0 0 0.015
0 0 0.016 0.016
0.016 0 0.016 0.032
0.016 0 0 0.016
0.015 0 0 0.015
0 0 0.015 0.015
0.016 0 0.016 0.032
0 0 0.016 0.016
0 0 0.015 0.015
0 0 0.015 0.015
0.015 0.016 0.016 0.047
0.005 0.001 0 0.006
0 0 0.016 0.016
0.015 0 0.016 0.031
0 0.016 0 0.016
0 0.016 0 0.016
0.016 0 0 0.016
0.015 0 0 0.015
0.015 0 0.016 0.031
0 0 0.015 0.015
0 0 0.016 0.016
0.016 0 0 0.016
0.016 0.015 0 0.031
0 0 0.015 0.015
0.005 0.004 0.007 0.016
0.016 0 0 0.016
0.016 0.016 0.015 0.047
0 0 0.016 0.016
0 0.015 0 0.015
0 0.016 0 0.016
0.015 0 0.016 0.031
0 0 0 0
0.016 0 0.016 0.032
0 0 0.016 0.016
0.015 0 0.016 0.031
0 0 0.016 0.016
0 0.016 0 0.016
0.016 0 0 0.016
0.016 0 0.015 0.031
0 0.016 0 0.016
0 0.015 0 0.015
0 0.016 0 0.016
0.016 0.031 0 0.047
0.016 0 0 0.016
0 0 0.016 0.016
0.016 0 0 0.016
