0.609 0.907 1.203 2.719
0.265 0.516 0.015 0.796
0.282 0.468 0.016 0.766
0.266 0.359 0.016 0.641
0.422 0.563 0.015 1
0.25 0.438 0.125 0.813
0.266 0.39 0.016 0.672
0.25 0.375 0.016 0.641
0.437 0.688 0.047 1.172
0.25 0.438 0.062 0.75
0.265 0.453 0.141 0.859
0.265 0.438 0.015 0.718
0.36 0.75 0.015 1.125
0.25 0.422 0.094 0.766
0.287 0.66 0.106 1.053
0.275 0.48 0.076 0.831
0.638 1.008 0.071 1.717
0.25 0.534 0.047 0.831
0.266 0.437 0.063 0.766
0.281 0.422 0.063 0.766
0.391 1.156 0.063 1.61
0.25 0.469 0.062 0.781
0.266 0.5 0.078 0.844
0.297 0.531 0.047 0.875
0.437 1 0.047 1.484
0.265 0.453 0.063 0.781
0.313 0.437 0.078 0.828
0.296 0.438 0.031 0.765
0.421 0.86 0.062 1.343
0.282 0.468 0.032 0.782
0.281 0.437 0.032 0.75
0.25 0.453 0.032 0.735
0.594 0.953 0.031 1.578
0.25 0.578 0.015 0.843
0.265 0.469 0.016 0.75
0.265 0.485 0.015 0.765
0.375 1.344 0.031 1.75
0.266 0.453 0.015 0.734
0.265 0.5 0.032 0.797
0.25 0.422 0.016 0.688
0.422 0.89 0.032 1.344
0.25 0.453 0.015 0.718
0.265 0.5 0.016 0.781
0.25 0.407 0.015 0.672
0.359 0.922 0.016 1.297
0.25 0.438 0.016 0.704
0.281 0.5 0.031 0.812
0.266 0.406 0.016 0.688
0.594 0.922 0.031 1.547
0.25 0.516 0.016 0.782
0.281 0.485 0.015 0.781
0.25 0.454 0.015 0.719
0.39 1.313 0.031 1.734
0.265 0.485 0.031 0.781
0.282 0.484 0.047 0.813
0.265 0.438 0.031 0.734
0.391 0.812 0.032 1.235
0.266 0.469 0.015 0.75
0.265 0.641 0.016 0.922
0.25 0.406 0.032 0.688
0.375 0.766 0.031 1.172
0.265 0.516 0.015 0.796
0.266 0.484 0.016 0.766
0.282 0.406 0.031 0.719
0.593 0.829 0.031 1.453
0.25 0.594 0.047 0.891
0.281 0.469 0.031 0.781
0.25 0.485 0.015 0.75
0.375 1.063 0.047 1.485
0.25 0.453 0.047 0.75
0.282 0.468 0.016 0.766
0.25 0.438 0.015 0.703
0.375 0.922 0.031 1.328
0.266 0.453 0.015 0.734
0.266 0.422 0.015 0.703
0.266 0.422 0.016 0.704
0.375 0.969 0.031 1.375
0.25 0.453 0.032 0.735
0.265 0.469 0.031 0.765
0.266 0.469 0.015 0.75
0.594 0.859 0.047 1.5
0.265 0.594 0.031 0.89
0.281 0.516 0.016 0.813
0.25 0.453 0.016 0.719
0.391 1.156 0.063 1.61
0.25 0.437 0.016 0.703
0.266 0.516 0.015 0.797
0.25 0.454 0.015 0.719
0.39 0.969 0.078 1.437
0.25 0.422 0.047 0.719
0.25 0.547 0.015 0.812
0.25 0.421 0.016 0.687
0.406 0.86 0.046 1.312
0.235 0.453 0.031 0.719
0.25 0.531 0.016 0.797
0.25 0.422 0.047 0.719
0.594 0.906 0.031 1.531
0.25 0.563 0.031 0.844
0.265 0.469 0.031 0.765
0.25 0.453 0.032 0.735
