0.626 0.927 1.204 2.757
0.266 0.505 0.016 0.787
0.297 0.437 0.016 0.75
0.266 0.339 0.203 0.808
0.406 0.547 0.125 1.078
0.25 0.443 0.047 0.74
0.281 0.396 0.25 0.927
0.267 0.406 0.644 1.317
0.453 0.594 0.064 1.111
0.291 0.453 0.047 0.791
0.266 0.438 0.015 0.719
0.234 0.441 0.015 0.69
0.365 0.719 0.047 1.131
0.251 0.391 0.047 0.689
0.266 0.509 0.031 0.806
0.256 0.494 0.016 0.766
0.602 0.849 0.047 1.498
0.25 0.547 0.031 0.828
0.265 0.441 0.016 0.722
0.25 0.394 0.031 0.675
0.375 1.126 0.046 1.547
0.25 0.479 0.036 0.765
0.265 0.488 0.015 0.768
0.266 0.532 0.015 0.813
0.422 0.968 0.032 1.422
0.281 0.453 0.063 0.797
0.313 0.437 0.016 0.766
0.282 0.421 0.016 0.719
0.406 0.844 0.031 1.281
0.269 0.437 0.016 0.722
0.286 0.453 0.016 0.755
0.253 0.484 0.016 0.753
0.603 0.957 0.062 1.622
0.266 0.562 0.032 0.86
0.266 0.467 0.015 0.748
0.25 0.488 0.031 0.769
0.362 1.363 0.049 1.774
0.26 0.469 0.015 0.744
0.266 0.515 0.047 0.828
0.265 0.469 0.016 0.75
0.375 0.941 0.031 1.347
0.25 0.456 0.203 0.909
0.268 0.5 0.016 0.784
0.25 0.422 0.031 0.703
0.36 0.909 0.047 1.316
0.251 0.437 0.047 0.735
0.297 0.5 0.016 0.813
0.268 0.407 0.015 0.69
0.594 0.926 0.047 1.567
0.266 0.504 0.031 0.801
0.281 0.483 0.016 0.78
0.266 0.453 0.015 0.734
0.39 1.234 0.063 1.687
0.268 0.488 0.016 0.772
0.266 0.5 0.015 0.781
0.262 0.438 0.047 0.747
0.391 0.821 0.032 1.244
0.266 0.472 0.031 0.769
0.279 0.468 0.047 0.794
0.25 0.41 0.047 0.707
0.375 0.769 0.047 1.191
0.25 0.521 0.036 0.807
0.281 0.484 0.032 0.797
0.266 0.484 0.016 0.766
0.611 0.827 0.047 1.485
0.265 0.593 0.036 0.894
0.274 0.485 0.015 0.774
0.25 0.438 0.015 0.703
0.375 1.065 0.062 1.502
0.25 0.453 0.047 0.75
0.27 0.468 0.016 0.754
0.25 0.437 0.016 0.703
0.378 0.922 0.063 1.363
0.25 0.472 0.031 0.753
0.269 0.421 0.016 0.706
0.25 0.425 0.031 0.706
0.39 0.963 0.063 1.416
0.269 0.453 0.031 0.753
0.278 0.469 0.015 0.762
0.266 0.462 0.016 0.744
0.593 0.907 0.031 1.531
0.266 0.604 0.039 0.909
0.292 0.515 0.016 0.823
0.259 0.437 0.031 0.727
0.39 1.166 0.046 1.602
0.25 0.437 0.047 0.734
0.265 0.515 0.016 0.796
0.266 0.438 0.063 0.767
0.407 0.967 0.047 1.421
0.266 0.406 0.048 0.72
0.266 0.531 0.031 0.828
0.25 0.422 0.031 0.703
0.359 0.859 0.032 1.25
0.25 0.438 0.046 0.734
0.25 0.531 0.016 0.797
0.234 0.51 0.016 0.76
0.61 0.909 0.016 1.535
0.25 0.568 0.031 0.849
0.281 0.469 0.016 0.766
0.253 0.453 0.016 0.722
