0.61 0.89 1.235 2.735
0.25 0.516 0.016 0.782
0.266 0.422 0.031 0.719
0.328 0.344 0.016 0.688
0.375 0.547 0.031 0.953
0.266 0.422 0.031 0.719
0.266 0.39 0.016 0.672
0.25 0.375 0.032 0.657
0.391 0.593 0.032 1.016
0.25 0.422 0.016 0.688
0.266 0.422 0.015 0.703
0.234 0.438 0.031 0.703
0.36 0.719 0.031 1.11
0.25 0.391 0.031 0.672
0.265 0.516 0.031 0.812
0.25 0.422 0.031 0.703
0.61 0.843 0.032 1.485
0.25 0.532 0.031 0.813
0.265 0.438 0.031 0.734
0.25 0.438 0.031 0.719
0.375 1.485 0.046 1.906
0.25 0.468 0.032 0.75
0.266 0.484 0.047 0.797
0.265 0.469 0.031 0.765
0.391 0.968 0.047 1.406
0.266 0.453 0.031 0.75
0.297 0.437 0.032 0.766
0.281 0.422 0.031 0.734
0.391 0.859 0.063 1.313
0.266 0.453 0.031 0.75
0.266 0.453 0.031 0.75
0.266 0.453 0.031 0.75
0.61 0.953 0.047 1.61
0.25 0.578 0.032 0.86
0.266 0.469 0.031 0.766
0.25 0.485 0.031 0.766
0.359 1.344 0.063 1.766
0.25 0.469 0.031 0.75
0.266 0.5 0.047 0.813
0.25 0.422 0.047 0.719
0.375 0.891 0.062 1.328
0.25 0.454 0.031 0.735
0.281 0.484 0.032 0.797
0.249 0.422 0.016 0.687
0.375 0.906 0.062 1.343
0.25 0.453 0.015 0.718
0.297 0.485 0.031 0.813
0.25 0.469 0.031 0.75
0.609 0.922 0.062 1.593
0.265 0.5 0.047 0.812
0.281 0.469 0.031 0.781
0.25 0.453 0.031 0.734
0.39 1.266 0.047 1.703
0.266 0.484 0.031 0.781
0.265 0.5 0.032 0.797
0.266 0.437 0.032 0.735
0.391 0.812 0.063 1.266
0.265 0.469 0.031 0.765
0.282 0.468 0.031 0.781
0.266 0.406 0.031 0.703
0.375 0.765 0.063 1.203
0.25 0.515 0.031 0.796
0.265 0.485 0.031 0.781
0.266 0.406 0.016 0.688
0.594 0.828 0.063 1.485
0.25 0.593 0.032 0.875
0.281 0.484 0.032 0.797
0.265 0.438 0.031 0.734
0.391 1.047 0.078 1.516
0.25 0.453 0.032 0.735
0.266 0.484 0.032 0.782
0.25 0.437 0.032 0.719
0.375 0.922 0.046 1.343
0.25 0.469 0.031 0.75
0.266 0.437 0.016 0.719
0.25 0.422 0.031 0.703
0.375 0.968 0.063 1.406
0.266 0.453 0.031 0.75
0.281 0.469 0.031 0.781
0.265 0.469 0.016 0.75
0.609 0.875 0.047 1.531
0.266 0.593 0.032 0.891
0.281 0.516 0.031 0.828
0.25 0.641 0.016 0.907
0.407 1.156 0.062 1.625
0.266 0.422 0.031 0.719
0.265 0.516 0.031 0.812
0.25 0.453 0.031 0.734
0.391 0.968 0.063 1.422
0.25 0.437 0.016 0.703
0.265 0.532 0.031 0.828
0.25 0.422 0.015 0.687
0.36 0.859 0.047 1.266
0.25 0.437 0.047 0.734
0.266 0.515 0.032 0.813
0.25 0.421 0.032 0.703
0.609 0.906 0.031 1.546
0.25 0.578 0.031 0.859
0.282 0.468 0.032 0.782
0.25 0.453 0.031 0.734
