0.109 1.483 0.375 1.967
0 0.015 0 0.015
0.011 0.006 0.005 0.022
0.015 0 0.016 0.031
0.016 0.015 0.016 0.047
0.016 0.015 0 0.031
0.016 0 0 0.016
0.016 0 0 0.016
0.016 0.016 0.015 0.047
0 0.016 0.016 0.032
0.014 0.01 0 0.024
0.015 0.019 0.007 0.041
0.016 0.031 0 0.047
0.015 0 0.016 0.031
0.015 0.016 0 0.031
0.015 0 0 0.015
0.109 1.27 0.051 1.43
0 0.016 0 0.016
0.016 0 0 0.016
0.015 0 0 0.015
0.016 0.015 0.016 0.047
0.016 0 0.015 0.031
0.015 0 0 0.015
0.016 0 0.015 0.031
0 0.015 0 0.015
0.015 0 0.016 0.031
0.016 0 0 0.016
0 0.016 0 0.016
0.016 0.015 0 0.031
0.016 0 0.016 0.032
0.015 0 0.016 0.031
0.011 0.009 0.003 0.023
0.098 1.299 0.032 1.429
0.016 0.015 0 0.031
0 0.015 0 0.015
0 0.016 0 0.016
0.015 0.016 0 0.031
0.016 0 0.015 0.031
0.016 0.015 0 0.031
0.015 0 0.016 0.031
0.016 0 0.015 0.031
0.015 0.016 0 0.031
0 0.015 0 0.015
0.016 0 0.015 0.031
0.016 0.016 0 0.032
0 0.016 0 0.016
0.016 0 0 0.016
0.015 0.016 0 0.031
0.093 1.38 0.031 1.504
0.015 0.019 0.005 0.039
0 0.015 0 0.015
0.027 0.002 0 0.029
0.014 0.022 0 0.036
0.016 0 0.016 0.032
0.015 0.016 0 0.031
0.016 0 0.015 0.031
0.016 0 0.015 0.031
0.016 0.015 0 0.031
0.016 0 0 0.016
0.015 0 0 0.015
0.015 0.016 0 0.031
0 0.015 0 0.015
0.016 0 0 0.016
0.016 0.015 0 0.031
0.093 1.297 0.016 1.406
0 0.016 0 0.016
0.015 0 0 0.015
0.015 0.063 0.016 0.094
0.031 0.078 0.016 0.125
0 0.016 0 0.016
0.016 0 0.016 0.032
0.015 0.016 0 0.031
0.015 0 0.016 0.031
0 0.015 0 0.015
0.016 0 0 0.016
0 0.015 0 0.015
0.016 0 0.015 0.031
0.015 0 0.016 0.031
0.016 0 0.015 0.031
0.016 0 0.016 0.032
0.109 1.314 0.022 1.445
0.015 0.016 0 0.031
0 0.015 0 0.015
0 0.016 0 0.016
0.016 0.016 0 0.032
0 0.016 0.015 0.031
0.016 0.016 0 0.032
0.016 0.016 0 0.032
0 0.015 0 0.015
0.015 0 0.016 0.031
0.016 0 0.015 0.031
0.015 0 0 0.015
0.015 0 0.016 0.031
0.016 0 0.015 0.031
0.016 0 0.016 0.032
0 0.015 0 0.015
0.094 1.362 0.032 1.488
0 0.015 0 0.015
0.015 0 0.016 0.031
0 0.015 0 0.015
