0.094 1.484 0.407 1.985
0 0.016 0 0.016
0.016 0.015 0 0.031
0.016 0 0.015 0.031
0.015 0.016 0 0.031
0.015 0.016 0 0.031
0.015 0.016 0 0.031
0.016 0.015 0 0.031
0.015 0.032 0 0.047
0.016 0.015 0 0.031
0.016 0.015 0.016 0.047
0.015 0.016 0.016 0.047
0.016 0.031 0 0.047
0.016 0 0.016 0.032
0.015 0.016 0 0.031
0.016 0 0.016 0.032
0.094 1.281 0.047 1.422
0.015 0 0.016 0.031
0.016 0 0 0.016
0.015 0 0 0.015
0.016 0.015 0 0.031
0.016 0 0.015 0.031
0.015 0 0.016 0.031
0 0.016 0 0.016
0.015 0 0.016 0.031
0.016 0 0 0.016
0 0.015 0 0.015
0.015 0.016 0 0.031
0.015 0 0.016 0.031
0.015 0 0.016 0.031
0.016 0 0.015 0.031
0.016 0 0.016 0.032
0.094 1.438 0.047 1.579
0.015 0.016 0 0.031
0.015 0.016 0 0.031
0.016 0.015 0 0.031
0.016 0.016 0.015 0.047
0 0.015 0 0.015
0.016 0 0.016 0.032
0.016 0 0.015 0.031
0.015 0 0.016 0.031
0 0.016 0 0.016
0.016 0.016 0 0.032
0.016 0 0.016 0.032
0.016 0.015 0 0.031
0 0.016 0 0.016
0 0.015 0 0.015
0.016 0 0.016 0.032
0.094 1.281 0.047 1.422
0.016 0 0.015 0.031
0.016 0.016 0 0.032
0 0.016 0 0.016
0.016 0.031 0 0.047
0.016 0.015 0 0.031
0.015 0 0.016 0.031
0 0.016 0 0.016
0.015 0 0.016 0.031
0.016 0.015 0 0.031
0.016 0 0.015 0.031
0.015 0 0.016 0.031
0.015 0.016 0 0.031
0.016 0 0.016 0.032
0.016 0 0.015 0.031
0.016 0 0 0.016
0.094 1.36 0.046 1.5
0.016 0 0 0.016
0.016 0 0 0.016
0.031 0.047 0.016 0.094
0.031 0.094 0.016 0.141
0.015 0 0 0.015
0.015 0 0 0.015
0.015 0 0 0.015
0.016 0 0 0.016
0.015 0 0 0.015
0.015 0.016 0 0.031
0 0.016 0 0.016
0.016 0.015 0 0.031
0.016 0 0.015 0.031
0.016 0 0 0.016
0.016 0 0 0.016
0.094 1.328 0.047 1.469
0.016 0.016 0 0.032
0.015 0 0 0.015
0.016 0 0.015 0.031
0 0.015 0.016 0.031
0.016 0 0 0.016
0.016 0 0.015 0.031
0.016 0 0.016 0.032
0.015 0 0.016 0.031
0.015 0 0 0.015
0.016 0 0 0.016
0.016 0 0.015 0.031
0.016 0.016 0 0.032
0.015 0 0 0.015
0.015 0 0 0.015
0.016 0 0.016 0.032
0.109 1.391 0.047 1.547
0.016 0 0 0.016
0.016 0 0 0.016
0.016 0 0.015 0.031
