0.344 3.391 1.172 4.907
0.094 0.062 0.016 0.172
0.109 0.078 0 0.187
0.078 0.078 0.015 0.171
0.172 0.297 0.031 0.5
0.078 0.078 0.016 0.172
0.125 0.109 0.016 0.25
0.125 0.078 0.016 0.219
0.204 0.421 0.032 0.657
0.094 0.078 0.016 0.188
0.109 0.094 0.016 0.219
0.094 0.094 0 0.188
0.203 0.578 0.031 0.812
0.094 0.062 0.016 0.172
0.125 0.125 0.015 0.265
0.109 0.094 0 0.203
0.328 3.031 0.078 3.437
0.141 0.078 0.015 0.234
0.156 0.125 0.016 0.297
0.141 0.094 0.015 0.25
0.219 1.438 0.062 1.719
0.109 0.078 0 0.187
0.14 0.11 0.015 0.265
0.125 0.094 0.016 0.235
0.203 1.047 0.062 1.312
0.109 0.078 0.016 0.203
0.125 0.109 0.016 0.25
0.109 0.094 0 0.203
0.204 0.703 0.047 0.954
0.109 0.063 0.016 0.188
0.11 0.094 0.015 0.219
0.125 0.078 0.016 0.219
0.344 3.61 0.078 4.032
0.11 0.078 0.015 0.203
0.14 0.125 0.016 0.281
0.156 0.094 0.015 0.265
0.219 1.609 0.062 1.89
0.109 0.063 0.016 0.188
0.14 0.11 0.015 0.265
0.125 0.079 0.015 0.219
0.235 0.828 0.031 1.094
0.125 0.063 0.015 0.203
0.125 0.093 0.016 0.234
0.109 0.078 0.016 0.203
0.187 0.672 0.047 0.906
0.094 0.063 0.046 0.203
0.094 0.11 0.015 0.219
0.094 0.094 0.031 0.219
0.313 2.812 0.063 3.188
0.125 0.078 0 0.203
0.125 0.094 0.016 0.235
0.109 0.063 0.094 0.266
0.203 0.719 0.063 0.985
0.109 0.078 0.032 0.219
0.156 0.094 0 0.25
0.109 0.094 0.031 0.234
0.172 0.36 0.031 0.563
0.109 0.079 0.015 0.203
0.141 0.094 0.037 0.272
0.125 0.078 0.016 0.219
0.187 0.391 0.047 0.625
0.109 0.094 0.062 0.265
0.125 0.094 0.016 0.235
0.11 0.078 0.015 0.203
0.296 1.547 0.047 1.89
0.11 0.078 0.015 0.203
0.125 0.079 0.015 0.219
0.11 0.078 0.015 0.203
0.172 0.282 0.031 0.485
0.125 0.062 0.016 0.203
0.125 0.079 0.015 0.219
0.14 0.063 0.015 0.218
0.204 0.265 0.047 0.516
0.125 0.062 0.016 0.203
0.125 0.084 0.008 0.217
0.14 0.078 0.016 0.234
0.203 0.297 0.031 0.531
0.141 0.062 0.016 0.219
0.14 0.079 0.015 0.234
0.125 0.078 0.016 0.219
0.265 1.235 0.047 1.547
0.109 0.078 0.016 0.203
0.141 0.078 0.016 0.235
0.125 0.078 0.016 0.219
0.188 0.171 0.032 0.391
0.11 0.062 0.016 0.188
0.14 0.078 0.016 0.234
0.156 0.078 0.016 0.25
0.219 0.219 0.031 0.469
0.141 0.078 0 0.219
0.125 0.094 0.016 0.235
0.141 0.062 0.016 0.219
0.203 0.203 0.016 0.422
0.125 0.078 0.016 0.219
0.141 0.078 0.015 0.234
0.14 0.079 0.015 0.234
0.25 0.875 0.047 1.172
0.109 0.063 0.015 0.187
0.125 0.078 0.016 0.219
0.125 0.062 0.016 0.203
