0.343 3.485 1.125 4.953
0.094 0.078 0 0.172
0.094 0.094 0 0.188
0.079 0.093 0.016 0.188
0.172 0.297 0.016 0.485
0.079 0.078 0 0.157
0.125 0.11 0.015 0.25
0.125 0.078 0 0.203
0.203 0.437 0.016 0.656
0.094 0.078 0 0.172
0.094 0.109 0.016 0.219
0.093 0.078 0.016 0.187
0.188 0.594 0.031 0.813
0.094 0.078 0 0.172
0.125 0.125 0.016 0.266
0.125 0.094 0 0.219
0.328 3.078 0.047 3.453
0.125 0.078 0.015 0.218
0.156 0.125 0.016 0.297
0.141 0.094 0 0.235
0.219 1.406 0.047 1.672
0.094 0.078 0.016 0.188
0.141 0.094 0.015 0.25
0.109 0.11 0 0.219
0.219 1.016 0.031 1.266
0.109 0.078 0 0.187
0.11 0.109 0.016 0.235
0.11 0.078 0.015 0.203
0.218 0.719 0.031 0.968
0.094 0.078 0 0.172
0.11 0.125 0 0.235
0.125 0.078 0.016 0.219
0.344 3.14 0.047 3.531
0.109 0.078 0.016 0.203
0.14 0.125 0.016 0.281
0.14 0.094 0.016 0.25
0.219 1.453 0.047 1.719
0.109 0.063 0.015 0.187
0.141 0.109 0 0.25
0.125 0.078 0 0.203
0.204 0.781 0.015 1
0.093 0.079 0 0.172
0.109 0.094 0.016 0.219
0.11 0.078 0.016 0.204
0.172 0.563 0.015 0.75
0.094 0.078 0 0.172
0.094 0.109 0 0.203
0.094 0.094 0 0.188
0.312 2.761 0.031 3.104
0.11 0.078 0 0.188
0.141 0.094 0.015 0.25
0.094 0.078 0.016 0.188
0.187 0.641 0.031 0.859
0.109 0.078 0 0.187
0.156 0.078 0 0.234
0.125 0.063 0 0.188
0.172 0.344 0.015 0.531
0.125 0.062 0.016 0.203
0.14 0.094 0.016 0.25
0.125 0.078 0 0.203
0.188 0.406 0.015 0.609
0.109 0.078 0.016 0.203
0.125 0.094 0.015 0.234
0.11 0.062 0.016 0.188
0.281 1.52 0.031 1.832
0.125 0.063 0.016 0.204
0.125 0.078 0.016 0.219
0.125 0.062 0 0.187
0.172 0.234 0.016 0.422
0.125 0.078 0 0.203
0.125 0.078 0 0.203
0.125 0.078 0.016 0.219
0.203 0.25 0.016 0.469
0.109 0.078 0 0.187
0.125 0.078 0.016 0.219
0.125 0.078 0.016 0.219
0.204 0.296 0.016 0.516
0.14 0.063 0 0.203
0.14 0.094 0 0.234
0.125 0.078 0 0.203
0.266 1.218 0.032 1.516
0.109 0.079 0.015 0.203
0.141 0.078 0 0.219
0.125 0.078 0.015 0.218
0.172 0.188 0.015 0.375
0.109 0.063 0.015 0.187
0.14 0.094 0 0.234
0.156 0.078 0 0.234
0.203 0.25 0.016 0.469
0.141 0.062 0 0.203
0.141 0.078 0.015 0.234
0.141 0.078 0.015 0.234
0.219 0.172 0.031 0.422
0.125 0.063 0.015 0.203
0.141 0.078 0 0.219
0.141 0.078 0 0.219
0.234 0.875 0.016 1.125
0.125 0.062 0.016 0.203
0.141 0.078 0.016 0.235
0.125 0.078 0 0.203
