0.531 4.969 1.266 6.766
0.312 0.547 0.031 0.89
0.328 0.547 0.046 0.921
0.313 0.469 0.031 0.813
0.453 1.312 0.063 1.828
0.313 0.468 0.032 0.813
0.328 0.657 0.031 1.016
0.281 0.531 0.032 0.844
0.422 1.234 0.063 1.719
0.297 0.484 0.062 0.843
0.328 0.657 0.046 1.031
0.297 0.547 0.031 0.875
0.437 1.36 0.078 1.875
0.297 0.485 0.031 0.813
0.312 0.688 0.031 1.031
0.313 0.593 0.032 0.938
0.532 5.14 0.094 5.766
0.266 0.547 0.015 0.828
0.281 0.688 0.031 1
0.282 0.531 0.047 0.86
0.437 1.438 0.094 1.969
0.281 0.532 0.031 0.844
0.328 0.797 0.031 1.156
0.297 0.578 0.078 0.953
0.437 1.594 0.062 2.093
0.297 0.609 0.047 0.953
0.328 0.828 0.047 1.203
0.313 0.734 0.031 1.078
0.453 1.922 0.063 2.438
0.313 0.734 0.031 1.078
0.343 0.969 0.047 1.359
0.328 0.75 0.047 1.125
0.547 5.031 0.094 5.672
0.282 0.687 0.031 1
0.329 0.968 0.047 1.344
0.328 0.735 0.031 1.094
0.437 1.672 0.078 2.187
0.313 0.734 0.031 1.078
0.328 0.816 0.047 1.191
0.312 0.735 0.047 1.094
0.469 1.703 0.078 2.25
0.312 0.766 0.031 1.109
0.375 0.875 0.047 1.297
0.328 0.656 0.063 1.047
0.469 1.735 0.078 2.282
0.313 0.734 0.032 1.079
0.359 0.844 0.047 1.25
0.344 0.688 0.031 1.063
0.547 5.375 0.094 6.016
0.281 0.719 0.031 1.031
0.359 1 0.032 1.391
0.344 0.765 0.047 1.156
0.469 1.672 0.078 2.219
0.312 0.828 0.047 1.187
0.313 0.875 0.046 1.234
0.297 0.735 0.046 1.078
0.437 1.782 0.078 2.297
0.281 0.782 0.031 1.094
0.344 0.921 0.047 1.312
0.313 0.797 0.046 1.156
0.454 1.625 0.078 2.157
0.297 0.734 0.031 1.062
0.329 0.859 0.047 1.235
0.328 0.735 0.047 1.11
0.547 5.765 0.094 6.406
0.312 0.656 0.047 1.015
0.344 0.844 0.047 1.235
0.328 0.781 0.047 1.156
0.437 1.75 0.078 2.265
0.344 0.875 0.031 1.25
0.359 0.972 0.031 1.362
0.328 0.688 0.047 1.063
0.469 1.703 0.062 2.234
0.313 0.703 0.031 1.047
0.344 0.859 0.032 1.235
0.328 0.703 0.047 1.078
0.485 1.812 0.078 2.375
0.312 0.719 0.047 1.078
0.344 0.797 0.047 1.188
0.328 0.703 0.047 1.078
0.547 5.172 0.094 5.813
0.265 0.641 0.031 0.937
0.297 0.781 0.047 1.125
0.281 0.672 0.047 1
0.421 1.422 0.063 1.906
0.296 0.657 0.031 0.984
0.328 0.735 0.031 1.094
0.312 0.657 0.047 1.016
0.437 1.454 0.078 1.969
0.266 0.609 0.032 0.907
0.297 0.672 0.046 1.015
0.282 0.593 0.032 0.907
0.437 1.813 0.062 2.312
0.281 0.625 0.031 0.937
0.297 0.75 0.031 1.078
0.297 0.64 0.047 0.984
0.532 4.687 0.078 5.297
0.265 0.563 0.031 0.859
0.312 0.688 0.047 1.047
0.312 0.688 0.031 1.031
