0.531 5.313 1.265 7.109
0.328 0.547 0.016 0.891
0.328 0.641 0.031 1
0.328 0.469 0.031 0.828
0.469 1.344 0.047 1.86
0.375 0.578 0.032 0.985
0.344 0.687 0.016 1.047
0.297 0.531 0.016 0.844
0.437 1.25 0.031 1.718
0.297 0.5 0.015 0.812
0.329 0.765 0.016 1.11
0.297 0.64 0.032 0.969
0.453 1.407 0.046 1.906
0.297 0.484 0.031 0.812
0.328 0.688 0.031 1.047
0.297 0.609 0.016 0.922
0.547 5.219 0.093 5.859
0.266 0.563 0.015 0.844
0.297 0.687 0.016 1
0.297 0.531 0.031 0.859
0.422 1.437 0.031 1.89
0.297 0.531 0.016 0.844
0.328 0.797 0.031 1.156
0.313 0.578 0.015 0.906
0.453 1.625 0.047 2.125
0.297 0.656 0.016 0.969
0.344 0.859 0.031 1.234
0.328 0.766 0.031 1.125
0.469 2.062 0.047 2.578
0.313 0.75 0.015 1.078
0.344 0.984 0.016 1.344
0.329 0.75 0.031 1.11
0.547 5.016 0.094 5.657
0.297 0.672 0.031 1
0.328 0.969 0.031 1.328
0.344 0.734 0.016 1.094
0.437 1.907 0.031 2.375
0.313 0.734 0.031 1.078
0.328 0.844 0.031 1.203
0.328 0.766 0.031 1.125
0.453 1.703 0.047 2.203
0.312 0.766 0.015 1.093
0.343 0.829 0.031 1.203
0.328 0.657 0.031 1.016
0.468 1.735 0.047 2.25
0.312 0.672 0.031 1.015
0.359 0.891 0.031 1.281
0.343 0.688 0.031 1.062
0.547 5.438 0.062 6.047
0.297 0.719 0.015 1.031
0.328 0.922 0.031 1.281
0.328 0.75 0.031 1.109
0.469 1.687 0.031 2.187
0.297 0.75 0.015 1.062
0.297 0.891 0.031 1.219
0.297 0.75 0.016 1.063
0.437 1.781 0.047 2.265
0.294 0.777 0.023 1.094
0.351 0.975 0.027 1.353
0.328 0.818 0.031 1.177
0.453 1.719 0.047 2.219
0.297 0.719 0.031 1.047
0.328 0.859 0.031 1.218
0.328 0.875 0.031 1.234
0.532 5.203 0.047 5.782
0.313 0.656 0.016 0.985
0.328 0.844 0.031 1.203
0.328 0.781 0.016 1.125
0.453 1.734 0.047 2.234
0.328 0.781 0.031 1.14
0.359 0.797 0.031 1.187
0.328 0.703 0.016 1.047
0.469 1.609 0.047 2.125
0.313 0.703 0.015 1.031
0.329 0.859 0.031 1.219
0.313 0.718 0.016 1.047
0.453 1.672 0.047 2.172
0.312 0.766 0.016 1.094
0.343 0.813 0.031 1.187
0.328 0.719 0.015 1.062
0.531 5.454 0.047 6.032
0.265 0.641 0.016 0.922
0.297 0.796 0.016 1.109
0.281 0.672 0.031 0.984
0.422 1.422 0.031 1.875
0.282 0.656 0.031 0.969
0.312 0.735 0.015 1.062
0.297 0.672 0.015 0.984
0.438 1.593 0.032 2.063
0.266 0.609 0.016 0.891
0.312 0.672 0.031 1.015
0.329 0.578 0.031 0.938
0.456 1.406 0.032 1.894
0.297 0.641 0.031 0.969
0.313 0.781 0.016 1.11
0.297 0.671 0.016 0.984
0.562 6.156 0.063 6.781
0.25 0.578 0.031 0.859
0.312 0.703 0.032 1.047
0.296 0.657 0.031 0.984
