0.047 0.328 0.281 0.656
0 0 0.016 0.016
0.016 0.016 0 0.032
0 0.015 0.016 0.031
0.032 0.015 0.016 0.063
0.016 0.015 0 0.031
0.015 0 0.016 0.031
0.015 0.016 0 0.031
0.015 0.032 0 0.047
0.015 0 0.016 0.031
0.032 0 0.015 0.047
0.031 0 0.016 0.047
0.015 0.016 0.016 0.047
0.016 0 0.015 0.031
0.016 0.015 0 0.031
0.016 0.016 0 0.032
0.031 0.266 0.031 0.328
0.032 0 0 0.032
0.015 0.016 0.016 0.047
0.015 0 0.016 0.031
0.015 0.032 0.015 0.062
0.015 0 0.016 0.031
0.016 0.015 0 0.031
0.015 0.016 0.015 0.046
0.031 0.031 0 0.062
0.015 0.016 0 0.031
0.015 0.016 0 0.031
0.015 0 0.016 0.031
0.016 0.031 0 0.047
0.016 0.015 0 0.031
0.016 0.016 0 0.032
0.016 0.016 0 0.032
0.047 0.218 0.016 0.281
0.016 0 0.016 0.032
0.016 0.015 0.016 0.047
0.015 0.016 0 0.031
0.031 0.032 0.015 0.078
0.016 0.015 0 0.031
0.016 0.015 0 0.031
0.015 0 0.016 0.031
0.032 0.031 0.015 0.078
0.016 0.015 0 0.031
0.015 0.016 0 0.031
0.016 0.015 0 0.031
0.016 0.031 0.016 0.063
0.015 0.016 0 0.031
0.016 0.015 0 0.031
0.015 0 0.016 0.031
0.031 0.235 0.031 0.297
0.031 0 0.016 0.047
0.031 0 0.016 0.047
0.031 0.016 0 0.047
0.015 0.032 0.015 0.062
0.015 0.016 0 0.031
0.016 0.015 0.016 0.047
0.016 0 0.015 0.031
0.031 0.016 0.015 0.062
0.016 0.016 0.015 0.047
0.016 0.015 0 0.031
0.016 0.016 0 0.032
0.015 0.032 0.015 0.062
0.016 0.015 0 0.031
0.015 0 0.016 0.031
0.016 0.015 0 0.031
0.047 0.219 0.016 0.282
0.031 0 0.016 0.047
0.016 0.016 0 0.032
0.016 0 0.015 0.031
0.016 0.031 0 0.047
0 0.016 0.015 0.031
0.016 0.015 0.016 0.047
0.015 0.016 0 0.031
0.016 0.031 0.016 0.063
0.016 0 0.016 0.032
0.016 0.015 0 0.031
0.016 0 0.016 0.032
0.031 0.016 0.015 0.062
0.015 0 0.016 0.031
0.016 0.016 0 0.032
0.015 0.016 0 0.031
0.031 0.219 0.015 0.265
0.016 0 0.016 0.032
0.016 0.016 0.015 0.047
0.015 0.016 0 0.031
0.015 0.032 0 0.047
0.016 0.015 0 0.031
0.031 0 0.016 0.047
0.016 0 0.015 0.031
0.031 0.015 0.016 0.062
0.015 0 0.016 0.031
0.015 0 0.016 0.031
0.015 0.016 0 0.031
0.032 0.015 0.016 0.063
0.032 0 0 0.032
0.031 0 0.016 0.047
0.016 0.016 0 0.032
0.032 0.218 0.032 0.282
0.015 0.016 0 0.031
0.015 0.016 0 0.031
0.015 0.016 0.016 0.047
