0.039 0.34 0.298 0.677
0.004 0.002 0.005 0.011
0.019 0.006 0.007 0.032
0.014 0.01 0.007 0.032
0.024 0.022 0.01 0.056
0.017 0.008 0.006 0.032
0.015 0.009 0.008 0.032
0.014 0.006 0.007 0.027
0.026 0.019 0.009 0.054
0.017 0.006 0.007 0.03
0.022 0.008 0.007 0.037
0.02 0.008 0.006 0.034
0.024 0.02 0.009 0.053
0.016 0.007 0.007 0.03
0.018 0.009 0.007 0.034
0.015 0.005 0.007 0.027
0.039 0.238 0.017 0.294
0.019 0.007 0.007 0.033
0.016 0.01 0.006 0.032
0.013 0.008 0.006 0.027
0.022 0.022 0.009 0.053
0.015 0.009 0.007 0.031
0.019 0.011 0.007 0.037
0.016 0.009 0.007 0.032
0.024 0.026 0.01 0.06
0.013 0.012 0.006 0.031
0.016 0.012 0.007 0.035
0.016 0.01 0.007 0.033
0.023 0.022 0.009 0.054
0.014 0.009 0.007 0.03
0.017 0.011 0.007 0.035
0.017 0.01 0.007 0.034
0.038 0.222 0.016 0.276
0.015 0.009 0.006 0.03
0.019 0.012 0.006 0.037
0.015 0.011 0.007 0.033
0.023 0.026 0.01 0.059
0.015 0.01 0.007 0.032
0.018 0.01 0.007 0.035
0.015 0.009 0.007 0.031
0.026 0.026 0.01 0.062
0.013 0.01 0.007 0.03
0.018 0.009 0.007 0.034
0.015 0.009 0.007 0.031
0.023 0.024 0.009 0.056
0.017 0.009 0.007 0.033
0.019 0.011 0.007 0.037
0.017 0.009 0.007 0.033
0.037 0.206 0.015 0.258
0.019 0.009 0.007 0.035
0.02 0.01 0.007 0.037
0.021 0.009 0.007 0.037
0.024 0.031 0.009 0.064
0.021 0.009 0.007 0.037
0.018 0.012 0.007 0.037
0.017 0.01 0.008 0.035
0.025 0.026 0.01 0.061
0.017 0.008 0.009 0.034
0.024 0.012 0.007 0.043
0.017 0.011 0.007 0.035
0.024 0.026 0.009 0.059
0.015 0.01 0.008 0.033
0.018 0.01 0.007 0.035
0.017 0.009 0.008 0.034
0.038 0.22 0.015 0.273
0.016 0.007 0.008 0.031
0.017 0.011 0.007 0.035
0.014 0.011 0.007 0.032
0.024 0.023 0.009 0.056
0.015 0.008 0.007 0.03
0.015 0.009 0.008 0.032
0.014 0.01 0.007 0.031
0.025 0.024 0.009 0.058
0.011 0.007 0.007 0.025
0.018 0.008 0.007 0.033
0.014 0.006 0.008 0.028
0.022 0.019 0.008 0.049
0.014 0.007 0.007 0.028
0.015 0.009 0.007 0.031
0.017 0.006 0.007 0.03
0.038 0.206 0.015 0.259
0.014 0.006 0.007 0.027
0.024 0.008 0.007 0.039
0.017 0.006 0.008 0.031
0.022 0.02 0.009 0.051
0.016 0.006 0.008 0.03
0.019 0.008 0.007 0.034
0.019 0.006 0.007 0.032
0.026 0.02 0.009 0.055
0.018 0.007 0.008 0.033
0.018 0.009 0.008 0.035
0.015 0.007 0.008 0.03
0.022 0.021 0.009 0.052
0.018 0.006 0.007 0.031
0.021 0.009 0.007 0.037
0.016 0.008 0.007 0.031
0.038 0.222 0.015 0.275
0.02 0.006 0.008 0.034
0.019 0.01 0.007 0.036
0.017 0.01 0.007 0.034
