0.015 0.094 0.234 0.343
0 0 0.016 0.016
0 0 0.016 0.016
0 0 0.016 0.016
0 0 0.016 0.016
0 0 0.015 0.015
0 0 0.016 0.016
0 0 0.016 0.016
0.015 0 0.016 0.031
0 0 0.016 0.016
0 0.016 0 0.016
0 0 0.015 0.015
0 0 0.015 0.015
0 0 0.016 0.016
0 0 0.016 0.016
0 0 0.016 0.016
0.016 0.031 0 0.047
0 0 0.016 0.016
0 0 0.016 0.016
0 0 0.016 0.016
0 0 0.016 0.016
0 0.015 0 0.015
0 0 0.016 0.016
0 0 0.015 0.015
0 0.015 0 0.015
0.016 0 0 0.016
0.015 0 0 0.015
0.016 0 0 0.016
0 0.016 0 0.016
0.016 0 0 0.016
0.016 0 0 0.016
0 0 0 0
0.016 0.015 0.016 0.047
0 0 0 0
0 0 0.016 0.016
0 0 0.015 0.015
0 0 0.016 0.016
0 0 0.016 0.016
0.015 0 0.016 0.031
0 0 0.015 0.015
0.016 0 0.016 0.032
0 0 0.016 0.016
0 0.015 0 0.015
0 0 0.016 0.016
0.016 0 0.015 0.031
0 0 0 0
0 0 0.016 0.016
0 0 0.015 0.015
0.016 0.031 0.016 0.063
0 0 0.016 0.016
0 0.015 0 0.015
0 0 0.015 0.015
0.016 0 0.016 0.032
0 0 0.015 0.015
0.015 0 0 0.015
0.015 0 0 0.015
0.016 0 0.016 0.032
0 0 0.015 0.015
0 0 0 0
0 0 0 0
0 0.016 0 0.016
0 0 0.016 0.016
0 0.016 0 0.016
0 0 0 0
0.016 0.031 0.016 0.063
0 0 0 0
0 0 0.015 0.015
0.016 0 0 0.016
0.016 0 0.016 0.032
0 0 0 0
0 0 0.016 0.016
0.016 0 0 0.016
0 0.015 0 0.015
0 0 0.016 0.016
0 0 0.015 0.015
0.015 0 0 0.015
0.015 0 0.016 0.031
0 0 0.016 0.016
0 0 0 0
0.015 0 0 0.015
0.015 0.031 0 0.046
0 0 0.015 0.015
0.015 0 0 0.015
0 0 0.015 0.015
0 0.016 0 0.016
0 0 0 0
0 0 0.016 0.016
0 0 0 0
0.016 0 0.016 0.032
0 0 0 0
0 0 0.016 0.016
0 0 0.015 0.015
0.016 0 0.015 0.031
0.016 0 0 0.016
0.016 0 0 0.016
0.016 0 0 0.016
0 0.031 0.016 0.047
0 0 0 0
0 0 0.016 0.016
0 0 0 0
