0.5 2.656 1.219 4.375
0.297 0.187 0 0.484
0.344 0.203 0.015 0.562
0.344 0.203 0 0.547
0.39 0.438 0.047 0.875
0.343 0.188 0.016 0.547
0.485 1.625 0.015 2.125
0.453 0.203 0 0.656
0.391 0.453 0.031 0.875
0.328 0.203 0 0.531
0.375 0.219 0.015 0.609
0.422 0.219 0.015 0.656
0.39 0.516 0.031 0.937
0.312 0.203 0.016 0.531
0.36 0.218 0.016 0.594
0.406 0.188 0 0.594
0.485 2.343 0.063 2.891
0.297 0.922 0.016 1.235
0.344 0.203 0.015 0.562
0.328 0.203 0.016 0.547
0.375 0.422 0.031 0.828
0.281 0.203 0 0.484
0.329 0.203 0.015 0.547
0.391 0.203 0 0.594
0.39 0.422 0.032 0.844
0.296 0.188 0 0.484
0.375 0.203 0.016 0.594
0.391 0.187 0.016 0.594
0.406 0.438 0.031 0.875
0.39 0.188 0 0.578
0.407 0.203 0.015 0.625
0.453 0.203 0 0.656
0.5 2.234 0.047 2.781
0.422 0.156 0.016 0.594
0.39 0.203 0 0.593
0.406 0.188 0.016 0.61
0.375 0.375 0.032 0.782
0.344 0.187 0.016 0.547
0.469 0.187 0.016 0.672
0.422 0.187 0.016 0.625
0.406 0.469 0.031 0.906
0.344 0.171 0.016 0.531
0.359 0.219 0 0.578
0.391 0.218 0.016 0.625
0.375 0.469 0.046 0.89
0.39 0.172 0.016 0.578
0.375 0.218 0.016 0.609
0.375 0.203 0.016 0.594
0.5 2.375 0.063 2.938
0.359 0.172 0 0.531
0.407 0.203 0.015 0.625
0.375 0.203 0.016 0.594
0.375 0.406 0.031 0.812
0.328 0.203 0.016 0.547
0.359 0.219 0.016 0.594
0.375 0.187 0.016 0.578
0.375 0.453 0.032 0.86
0.312 0.203 0 0.515
0.344 0.219 0.016 0.579
0.406 0.188 0.016 0.61
0.391 0.5 0.031 0.922
0.312 0.203 0 0.515
0.391 0.203 0 0.594
0.39 0.188 0 0.578
0.5 2.5 0.062 3.062
0.421 0.188 0 0.609
0.422 0.219 0 0.641
0.437 0.188 0.015 0.64
0.391 0.437 0.032 0.86
0.328 0.187 0 0.515
0.406 0.188 0.015 0.609
0.422 0.187 0 0.609
0.39 0.422 0.031 0.843
0.343 0.172 0.016 0.531
0.39 0.235 0 0.625
0.406 0.204 0.015 0.625
0.391 0.453 0.031 0.875
0.375 0.188 0.016 0.579
0.421 0.204 0.015 0.64
0.39 0.188 0.015 0.593
0.5 2.297 0.063 2.86
0.422 0.188 0 0.61
0.438 0.203 0.015 0.656
0.453 0.203 0.016 0.672
0.375 0.406 0.031 0.812
0.344 0.203 0.016 0.563
0.39 0.235 0.015 0.64
0.422 0.187 0.016 0.625
0.406 0.5 0.032 0.938
0.344 0.203 0 0.547
0.39 0.235 0 0.625
0.406 0.187 0.016 0.609
0.407 0.453 0.031 0.891
0.344 0.187 0 0.531
0.422 0.203 0.015 0.64
0.437 0.172 0.016 0.625
0.5 2.563 0.062 3.125
0.406 0.172 0.016 0.594
0.391 0.219 0.015 0.625
0.375 0.219 0 0.594
0.516 2.828 1.25 4.594
0.281 0.125 0.016 0.422
0.312 0.203 0.672 1.187
0.297 0.156 0.156 0.609
0.453 0.453 0.688 1.594
0.282 0.156 0.094 0.532
0.297 0.188 0.625 1.11
0.344 0.172 0.25 0.766
0.422 0.562 0.032 1.016
0.282 0.125 0.109 0.516
0.281 0.188 0.016 0.485
