0.484 2.672 1.25 4.406
0.297 0.172 0.015 0.484
0.344 0.203 0.016 0.563
0.343 0.188 0.016 0.547
0.391 0.437 0.031 0.859
0.36 0.187 0 0.547
0.469 1.625 0.015 2.109
0.453 0.203 0.016 0.672
0.406 0.453 0.016 0.875
0.343 0.188 0 0.531
0.375 0.218 0.016 0.609
0.422 0.218 0.016 0.656
0.391 0.516 0.015 0.922
0.312 0.203 0 0.515
0.359 0.219 0.015 0.593
0.39 0.188 0.015 0.593
0.5 2.328 0.047 2.875
0.313 0.922 0.015 1.25
0.359 0.203 0.016 0.578
0.329 0.203 0 0.532
0.375 0.391 0.015 0.781
0.297 0.187 0.016 0.5
0.344 0.203 0.016 0.563
0.407 0.203 0 0.61
0.39 0.547 0.016 0.953
0.297 0.188 0.015 0.5
0.375 0.218 0 0.593
0.407 0.25 0 0.657
0.407 0.453 0.015 0.875
0.375 0.187 0.016 0.578
0.407 0.203 0.047 0.657
0.469 0.203 0.015 0.687
0.5 2.235 0.046 2.781
0.422 0.172 0 0.594
0.391 0.203 0.016 0.61
0.406 0.203 0 0.609
0.375 0.391 0.031 0.797
0.36 0.187 0 0.547
0.453 0.203 0.016 0.672
0.422 0.203 0 0.625
0.406 0.485 0.031 0.922
0.344 0.172 0.031 0.547
0.359 0.219 0.015 0.593
0.391 0.219 0 0.61
0.375 0.422 0.016 0.813
0.391 0.172 0.015 0.578
0.39 0.203 0.016 0.609
0.375 0.204 0 0.579
0.484 2.375 0.032 2.891
0.343 0.172 0.157 0.672
0.406 0.203 0 0.609
0.375 0.203 0 0.578
0.375 0.406 0.031 0.812
0.344 0.187 0.032 0.563
0.36 0.219 0.015 0.594
0.375 0.187 0.016 0.578
0.391 0.437 0.032 0.86
0.313 0.187 0.032 0.532
0.344 0.234 0 0.578
0.406 0.187 0.016 0.609
0.391 0.484 0.037 0.912
0.328 0.187 0.038 0.553
0.39 0.204 0 0.594
0.391 0.234 0.016 0.641
0.485 2.5 0.047 3.032
0.438 0.172 0.031 0.641
0.421 0.219 0.016 0.656
0.438 0.203 0 0.641
0.391 0.437 0.016 0.844
0.344 0.188 0.015 0.547
0.406 0.203 0.016 0.625
0.422 0.188 0.015 0.625
0.391 0.437 0.063 0.891
0.344 0.172 0.015 0.531
0.391 0.234 0.016 0.641
0.422 0.187 0 0.609
0.39 0.454 0.031 0.875
0.391 0.187 0.016 0.594
0.422 0.203 0.016 0.641
0.391 0.187 0.032 0.61
0.484 2.297 0.047 2.828
0.421 0.188 0.016 0.625
0.437 0.203 0.016 0.656
0.453 0.203 0 0.656
0.391 0.406 0.016 0.813
0.344 0.203 0 0.547
0.39 0.235 0.015 0.64
0.422 0.203 0 0.625
0.407 0.499 0.016 0.922
0.343 0.204 0.015 0.562
0.391 0.234 0.016 0.641
0.406 0.203 0 0.609
0.406 0.469 0.016 0.891
0.343 0.188 0.016 0.547
0.422 0.203 0.015 0.64
0.422 0.188 0.015 0.625
0.484 2.563 0.031 3.078
0.406 0.187 0 0.593
0.407 0.218 0.016 0.641
0.375 0.203 0.015 0.593
