0.047 0.39 0.282 0.719
0 0.016 0 0.016
0.015 0.016 0 0.031
0 0.016 0 0.016
0.015 0.016 0.016 0.047
0 0.016 0 0.016
0.016 0 0.016 0.032
0 0.015 0.016 0.031
0.016 0.031 0 0.047
0 0.016 0 0.016
0.016 0.015 0 0.031
0.016 0.016 0 0.032
0.031 0.015 0.016 0.062
0.016 0.015 0 0.031
0 0.015 0 0.015
0.015 0 0.016 0.031
0.031 0.281 0.016 0.328
0.015 0 0.016 0.031
0.016 0 0.016 0.032
0.016 0.016 0.015 0.047
0.015 0.032 0.015 0.062
0.015 0 0.016 0.031
0.016 0.015 0.016 0.047
0.016 0.016 0 0.032
0.016 0.047 0 0.063
0.016 0 0.016 0.032
0.015 0.016 0 0.031
0.016 0.016 0.015 0.047
0.031 0.032 0.015 0.078
0.016 0 0.015 0.031
0.015 0.016 0.015 0.046
0.016 0.015 0.016 0.047
0.031 0.234 0.016 0.281
0.016 0.016 0 0.032
0.016 0.016 0.015 0.047
0 0.016 0.016 0.032
0.031 0.032 0.015 0.078
0.015 0.016 0.016 0.047
0.016 0.016 0.015 0.047
0.016 0.015 0 0.031
0.031 0.047 0.015 0.093
0.016 0.015 0.016 0.047
0.016 0.031 0 0.047
0.015 0.016 0.016 0.047
0.016 0.047 0.015 0.078
0.016 0.016 0 0.032
0.015 0.016 0.016 0.047
0.015 0.016 0.016 0.047
0.047 0.203 0.031 0.281
0.015 0.016 0 0.031
0.016 0.016 0.015 0.047
0.015 0.016 0.016 0.047
0.016 0.046 0.016 0.078
0.015 0.016 0.015 0.046
0.016 0.015 0.016 0.047
0.016 0.016 0 0.032
0.015 0.031 0.016 0.062
0.015 0.016 0 0.031
0.031 0.016 0 0.047
0.015 0.016 0 0.031
0.031 0.031 0.016 0.078
0.016 0.016 0.015 0.047
0.015 0.016 0.016 0.047
0.015 0.016 0.016 0.047
0.047 0.141 0.031 0.219
0.015 0.016 0 0.031
0.031 0.015 0 0.046
0.031 0.016 0 0.047
0.015 0.032 0.015 0.062
0.016 0.016 0 0.032
0.016 0.016 0.015 0.047
0.015 0.016 0 0.031
0.031 0.032 0.015 0.078
0.016 0.015 0 0.031
0.015 0.016 0 0.031
0.016 0.015 0 0.031
0.031 0.031 0.016 0.078
0.015 0.016 0.016 0.047
0.031 0.016 0 0.047
0.015 0.016 0.016 0.047
0.031 0.172 0.016 0.219
0.015 0.016 0.016 0.047
0.016 0.016 0 0.032
0.016 0.016 0 0.032
0.016 0.031 0.015 0.062
0.015 0.016 0 0.031
0.016 0.015 0.016 0.047
0.015 0.016 0.016 0.047
0.031 0.032 0.015 0.078
0.015 0 0.016 0.031
0 0.016 0.016 0.032
0.016 0.016 0 0.032
0.031 0.032 0.015 0.078
0.016 0.016 0 0.032
0.016 0 0.015 0.031
0.016 0.015 0 0.031
0.032 0.156 0.015 0.203
0.016 0.016 0 0.032
0.016 0.016 0.015 0.047
0.016 0.016 0 0.032
