0.047 0.391 0.297 0.735
0.015 0 0 0.015
0.016 0.015 0 0.031
0 0.016 0 0.016
0.016 0.015 0.016 0.047
0.016 0 0.015 0.031
0.016 0.015 0 0.031
0 0.015 0 0.015
0.016 0.031 0 0.047
0 0.015 0 0.015
0 0.015 0 0.015
0.016 0.016 0 0.032
0.032 0.015 0.016 0.063
0.016 0 0 0.016
0 0.016 0 0.016
0.016 0 0.016 0.032
0.047 0.266 0.016 0.329
0.016 0.015 0 0.031
0.016 0 0.015 0.031
0.015 0 0.016 0.031
0.016 0.047 0 0.063
0.015 0 0.016 0.031
0.015 0.016 0 0.031
0.016 0.015 0 0.031
0.031 0.031 0.016 0.078
0.015 0.016 0 0.031
0.015 0.016 0.015 0.046
0.015 0.016 0 0.031
0.032 0.031 0.016 0.079
0.016 0.015 0 0.031
0.016 0.016 0 0.032
0.015 0.016 0 0.031
0.032 0.234 0.016 0.282
0.016 0.015 0 0.031
0.015 0.016 0.015 0.046
0.015 0.016 0 0.031
0.015 0.047 0.016 0.078
0.016 0.016 0 0.032
0.016 0.015 0 0.031
0.016 0.016 0.015 0.047
0.032 0.047 0 0.079
0.016 0.016 0.015 0.047
0.016 0.015 0.016 0.047
0.016 0.016 0 0.032
0.015 0.047 0.016 0.078
0.016 0.015 0 0.031
0.016 0.015 0.016 0.047
0.016 0.015 0.016 0.047
0.047 0.203 0.016 0.266
0.016 0.015 0 0.031
0.016 0.031 0 0.047
0.016 0.016 0 0.032
0.016 0.047 0 0.063
0.015 0.016 0.016 0.047
0.015 0.016 0.016 0.047
0.016 0.016 0.015 0.047
0.031 0.032 0 0.063
0.015 0.016 0 0.031
0.015 0.016 0 0.031
0.015 0.016 0.015 0.046
0.032 0.031 0 0.063
0.016 0.016 0.015 0.047
0.016 0.016 0.015 0.047
0.015 0.016 0.015 0.046
0.032 0.156 0.016 0.204
0.015 0.016 0 0.031
0.032 0.015 0 0.047
0.015 0.016 0 0.031
0.016 0.031 0.016 0.063
0.015 0.016 0.015 0.046
0.016 0.016 0 0.032
0.015 0.016 0.015 0.046
0.031 0.031 0.016 0.078
0.016 0.015 0 0.031
0.015 0.016 0.016 0.047
0.016 0.015 0.016 0.047
0.032 0.031 0 0.063
0.016 0.016 0.015 0.047
0.015 0.016 0.016 0.047
0.016 0.031 0 0.047
0.031 0.172 0.016 0.219
0.016 0.016 0.015 0.047
0.016 0.015 0.016 0.047
0.016 0.015 0.016 0.047
0.031 0.031 0.016 0.078
0.015 0 0.016 0.031
0.016 0.015 0.016 0.047
0.031 0 0.016 0.047
0.015 0.032 0.015 0.062
0.016 0.015 0 0.031
0.015 0.016 0 0.031
0.015 0.016 0 0.031
0.015 0.031 0.016 0.062
0.016 0.016 0 0.032
0.016 0.016 0 0.032
0 0.016 0.016 0.032
0.047 0.156 0.016 0.219
0.016 0 0.016 0.032
0.015 0.016 0 0.031
0.016 0.015 0.016 0.047
