0.172 3.094 0.593 3.859
0.063 0.078 0.015 0.156
0.078 0.109 0 0.187
0.063 0.109 0 0.172
0.093 0.282 0.015 0.39
0.063 0.062 0.016 0.141
0.063 0.093 0 0.156
0.062 0.047 0.016 0.125
0.078 0.25 0.016 0.344
0.063 0.062 0 0.125
0.078 0.094 0.016 0.188
0.062 0.079 0.015 0.156
0.093 0.266 0.016 0.375
0.062 0.063 0.015 0.14
0.063 0.109 0.016 0.188
0.063 0.109 0.016 0.188
0.172 2.968 0.047 3.187
0.062 0.094 0.016 0.172
0.078 0.125 0 0.203
0.062 0.094 0.016 0.172
0.078 0.406 0.016 0.5
0.063 0.094 0 0.157
0.078 0.125 0 0.203
0.078 0.093 0.016 0.187
0.093 0.391 0.031 0.515
0.063 0.078 0.015 0.156
0.078 0.094 0.015 0.187
0.079 0.078 0.015 0.172
0.094 0.312 0.016 0.422
0.063 0.078 0.016 0.157
0.078 0.094 0.015 0.187
0.063 0.093 0.016 0.172
0.187 2.907 0.046 3.14
0.062 0.078 0.016 0.156
0.078 0.109 0.016 0.203
0.078 0.094 0 0.172
0.094 0.313 0.015 0.422
0.062 0.078 0.016 0.156
0.078 0.125 0 0.203
0.063 0.078 0.016 0.157
0.094 0.313 0.031 0.438
0.062 0.078 0 0.14
0.062 0.11 0.015 0.187
0.078 0.093 0.016 0.187
0.078 0.329 0.031 0.438
0.062 0.094 0 0.156
0.078 0.109 0.016 0.203
0.062 0.109 0 0.171
0.172 2.797 0.047 3.016
0.062 0.079 0.015 0.156
0.078 0.141 0.016 0.235
0.078 0.094 0 0.172
0.094 0.375 0.016 0.485
0.063 0.093 0 0.156
0.062 0.125 0 0.187
0.078 0.094 0 0.172
0.094 0.328 0.031 0.453
0.063 0.078 0.016 0.157
0.063 0.109 0.016 0.188
0.063 0.094 0.015 0.172
0.094 0.297 0.031 0.422
0.079 0.062 0 0.141
0.078 0.078 0 0.156
0.078 0.063 0 0.141
0.187 2.75 0.032 2.969
0.078 0.063 0.015 0.156
0.078 0.125 0.016 0.219
0.063 0.078 0 0.141
0.094 0.313 0.015 0.422
0.078 0.078 0 0.156
0.094 0.125 0.016 0.235
0.078 0.109 0 0.187
0.078 0.344 0.015 0.437
0.062 0.094 0.015 0.171
0.078 0.125 0.016 0.219
0.078 0.094 0.016 0.188
0.093 0.36 0.031 0.484
0.063 0.078 0.015 0.156
0.062 0.125 0.016 0.203
0.078 0.078 0.016 0.172
0.188 2.609 0.047 2.844
0.063 0.062 0.016 0.141
0.078 0.11 0.015 0.203
0.062 0.094 0.016 0.172
0.093 0.344 0.016 0.453
0.062 0.078 0 0.14
0.078 0.109 0.016 0.203
0.078 0.079 0.015 0.172
0.094 0.281 0.016 0.391
0.062 0.079 0.015 0.156
0.062 0.11 0 0.172
0.062 0.094 0 0.156
0.093 0.25 0.016 0.359
0.063 0.078 0 0.141
0.078 0.094 0.016 0.188
0.063 0.094 0 0.157
0.172 2.484 0.047 2.703
0.078 0.078 0 0.156
0.078 0.125 0.016 0.219
0.078 0.11 0.015 0.203
