0.172 3.094 0.625 3.891
0.062 0.078 0.016 0.156
0.078 0.11 0.015 0.203
0.078 0.094 0.015 0.187
0.093 0.266 0.031 0.39
0.047 0.078 0 0.141
0.078 0.078 0.016 0.172
0.062 0.047 0 0.109
0.094 0.234 0.031 0.359
0.062 0.047 0.016 0.125
0.062 0.11 0.015 0.187
0.063 0.078 0.016 0.157
0.078 0.281 0.016 0.375
0.047 0.078 0 0.125
0.062 0.125 0.016 0.203
0.078 0.109 0.016 0.203
0.188 2.937 0.063 3.188
0.063 0.094 0.015 0.172
0.078 0.11 0.015 0.203
0.062 0.094 0.015 0.171
0.094 0.406 0.031 0.531
0.062 0.094 0.016 0.172
0.063 0.14 0.016 0.219
0.062 0.11 0.015 0.187
0.094 0.391 0.031 0.516
0.062 0.079 0.015 0.156
0.078 0.094 0.015 0.187
0.078 0.078 0.016 0.172
0.078 0.313 0.031 0.422
0.063 0.062 0.016 0.141
0.078 0.094 0.015 0.187
0.062 0.094 0.016 0.172
0.187 2.891 0.078 3.156
0.078 0.062 0.016 0.156
0.062 0.125 0.016 0.203
0.062 0.094 0.016 0.172
0.078 0.329 0.031 0.438
0.063 0.078 0.015 0.156
0.078 0.125 0.016 0.219
0.062 0.078 0.016 0.156
0.079 0.328 0.031 0.438
0.062 0.078 0 0.14
0.063 0.109 0.016 0.188
0.078 0.094 0.015 0.187
0.078 0.328 0.032 0.438
0.062 0.078 0.016 0.156
0.078 0.11 0.015 0.203
0.078 0.094 0.016 0.188
0.187 2.782 0.078 3.047
0.078 0.079 0.015 0.172
0.063 0.156 0.016 0.235
0.078 0.094 0.015 0.187
0.078 0.375 0.031 0.484
0.063 0.094 0 0.157
0.078 0.11 0.015 0.203
0.062 0.094 0.015 0.171
0.094 0.328 0.047 0.469
0.063 0.078 0.015 0.156
0.078 0.109 0.016 0.203
0.063 0.109 0 0.172
0.094 0.313 0.031 0.438
0.062 0.063 0.015 0.14
0.063 0.078 0.016 0.157
0.063 0.062 0.016 0.141
0.188 2.75 0.062 3
0.062 0.078 0.016 0.156
0.063 0.125 0.015 0.203
0.063 0.078 0.015 0.156
0.078 0.312 0.031 0.421
0.062 0.079 0.015 0.156
0.078 0.125 0.016 0.219
0.078 0.094 0.015 0.187
0.093 0.328 0.032 0.453
0.063 0.094 0.015 0.172
0.079 0.14 0.016 0.235
0.079 0.109 0 0.188
0.094 0.359 0.047 0.5
0.063 0.094 0 0.157
0.078 0.125 0.016 0.219
0.063 0.094 0.015 0.172
0.171 2.61 0.062 2.843
0.062 0.078 0 0.14
0.078 0.094 0.015 0.187
0.078 0.078 0.016 0.172
0.094 0.344 0.031 0.469
0.062 0.063 0.016 0.141
0.062 0.125 0.016 0.203
0.063 0.094 0 0.157
0.093 0.282 0.031 0.406
0.062 0.078 0.016 0.156
0.078 0.094 0.016 0.188
0.078 0.078 0.016 0.172
0.094 0.25 0.031 0.375
0.062 0.078 0.016 0.156
0.078 0.11 0 0.188
0.063 0.093 0.016 0.172
0.203 2.578 0.063 2.844
0.063 0.093 0.016 0.172
0.078 0.125 0.031 0.234
0.079 0.109 0.016 0.204
