0.562 3.641 1.234 5.437
0.094 0.14 0 0.234
0.156 0.125 0.016 0.297
0.156 0.125 0.016 0.297
0.219 0.14 0.016 0.375
0.14 0.125 0.016 0.281
0.156 0.125 0 0.281
0.187 0.125 0 0.312
0.203 0.156 0 0.359
0.11 0.125 0 0.235
0.188 0.125 0.015 0.328
0.172 0.125 0.015 0.312
0.188 0.156 0 0.344
0.156 0.14 0 0.296
0.281 0.125 0.015 0.421
0.282 0.109 0.016 0.407
0.562 3.344 0.062 3.968
0.266 0.14 0 0.406
0.266 0.141 0 0.407
0.25 0.14 0 0.39
0.25 0.141 0.015 0.406
0.11 0.25 0 0.36
0.141 0.125 0 0.266
0.14 0.125 0 0.265
0.203 0.14 0.016 0.359
0.11 0.125 0.015 0.25
0.156 0.125 0.016 0.297
0.156 0.125 0.016 0.297
0.219 0.14 0.016 0.375
0.203 0.125 0.016 0.344
0.266 0.125 0.015 0.406
0.188 0.109 0.016 0.313
0.562 3.344 0.063 3.969
0.312 0.141 0.016 0.469
0.282 0.125 0.015 0.422
0.265 0.125 0.016 0.406
0.235 0.125 0.015 0.375
0.25 0.125 0 0.375
0.25 0.141 0 0.391
0.203 0.125 0 0.328
0.25 0.156 0.015 0.421
0.25 0.125 0.015 0.39
0.282 0.125 0.015 0.422
0.297 0.125 0 0.422
0.235 0.187 0.016 0.438
0.203 0.125 0 0.328
0.282 0.125 0.015 0.422
0.312 0.125 0.016 0.453
0.562 3.313 0.047 3.922
0.312 0.141 0.016 0.469
0.25 0.125 0.016 0.391
0.219 0.125 0.016 0.36
0.218 0.157 0.015 0.39
0.203 0.125 0.016 0.344
0.297 0.125 0 0.422
0.219 0.14 0 0.359
0.203 0.141 0.016 0.36
0.187 0.125 0.016 0.328
0.172 0.125 0 0.297
0.203 0.125 0.015 0.343
0.234 0.141 0.016 0.391
0.187 0.125 0.016 0.328
0.219 0.14 0 0.359
0.219 0.141 0.015 0.375
0.578 3.359 0.047 3.984
0.281 0.14 0 0.421
0.265 0.125 0.016 0.406
0.265 0.125 0 0.39
0.235 0.14 0.016 0.391
0.203 0.14 0 0.343
0.234 0.125 0.016 0.375
0.25 0.141 0 0.391
0.203 0.141 0.015 0.359
0.11 0.203 0.015 0.328
0.172 0.141 0 0.313
0.172 0.125 0.015 0.312
0.234 0.141 0.015 0.39
0.203 0.125 0 0.328
0.297 0.125 0.015 0.437
0.25 0.141 0 0.391
0.562 3.282 0.046 3.89
0.328 0.141 0 0.469
0.312 0.125 0.016 0.453
0.25 0.109 0.016 0.375
0.219 0.14 0 0.359
0.187 0.125 0.016 0.328
0.187 0.125 0.016 0.328
0.11 0.125 0.015 0.25
0.203 0.157 0 0.36
0.125 0.125 0.016 0.266
0.282 0.14 0 0.422
0.266 0.141 0.015 0.422
0.25 0.14 0.016 0.406
0.203 0.125 0.015 0.343
0.172 0.125 0.016 0.313
0.203 0.14 0.016 0.359
0.578 3.281 0.047 3.906
0.312 0.125 0.016 0.453
0.157 0.125 0.015 0.297
0.14 0.141 0 0.281
