0.531 1.734 1.204 3.469
0.297 0.187 0.016 0.5
0.328 0.187 0.016 0.531
0.406 0.188 0.015 0.609
0.313 0.312 0.016 0.641
0.359 0.172 0.015 0.546
0.375 0.203 0 0.578
0.391 0.234 0.016 0.641
0.312 0.328 0.032 0.672
0.235 0.187 0 0.422
0.344 0.234 0.016 0.594
0.375 0.297 0.016 0.688
0.344 0.344 0.031 0.719
0.375 0.203 0.015 0.593
0.344 0.188 0.015 0.547
0.375 0.219 0.015 0.609
0.531 1.563 0.047 2.141
0.329 0.187 0.016 0.532
0.36 0.187 0.032 0.579
0.344 0.234 0.016 0.594
0.359 0.313 0.031 0.703
0.39 0.188 0.015 0.593
0.469 0.187 0.016 0.672
0.422 0.188 0.015 0.625
0.329 0.328 0.015 0.672
0.344 0.187 0.016 0.547
0.391 0.187 0.016 0.594
0.312 0.235 0.015 0.562
0.328 0.328 0.031 0.687
0.296 0.188 0.016 0.5
0.344 0.187 0.016 0.547
0.328 0.172 0.016 0.516
0.531 1.735 0.047 2.313
0.359 0.188 0.016 0.563
0.359 0.204 0.015 0.578
0.328 0.187 0.016 0.531
0.359 0.313 0.031 0.703
0.329 0.203 0.015 0.547
0.375 0.203 0.016 0.594
0.391 0.187 0.016 0.594
0.343 0.344 0.031 0.718
0.297 0.203 0.016 0.516
0.312 0.219 0.015 0.546
0.312 0.203 0 0.515
0.359 0.36 0.031 0.75
0.281 0.203 0 0.484
0.281 0.235 0.015 0.531
0.25 0.218 0.016 0.484
0.532 1.859 0.062 2.453
0.328 0.235 0 0.563
0.344 0.234 0.016 0.594
0.329 0.218 0.016 0.563
0.312 0.391 0.016 0.719
0.328 0.203 0.016 0.547
0.375 0.218 0.016 0.609
0.375 0.204 0.015 0.594
0.359 0.391 0.031 0.781
0.313 0.218 0.016 0.547
0.344 0.219 0.015 0.578
0.312 0.219 0.016 0.547
0.328 0.422 0.031 0.781
0.266 0.203 0.016 0.485
0.297 0.218 0.016 0.531
0.312 0.219 0.016 0.547
0.531 1.844 0.062 2.437
0.39 0.235 0.015 0.64
0.437 0.219 0.016 0.672
0.438 0.203 0.015 0.656
0.344 0.344 0.031 0.719
0.297 0.187 0.016 0.5
0.344 0.219 0.015 0.578
0.359 0.187 0.016 0.562
0.36 0.343 0.032 0.735
0.25 0.219 0 0.469
0.329 0.218 0.016 0.563
0.375 0.203 0.015 0.593
0.375 0.375 0.031 0.781
0.391 0.234 0 0.625
0.422 0.219 0.016 0.657
0.422 0.203 0.016 0.641
0.531 1.688 0.047 2.266
0.265 0.188 0.015 0.468
0.328 0.219 0.016 0.563
0.359 0.203 0 0.562
0.375 0.359 0.031 0.765
0.297 0.218 0.016 0.531
0.266 0.234 0 0.5
0.313 0.219 0.015 0.547
0.36 0.359 0.031 0.75
0.218 0.219 0.016 0.453
0.281 0.234 0.016 0.531
0.281 0.219 0 0.5
0.359 0.375 0.031 0.765
0.25 0.203 0.016 0.469
0.297 0.234 0.047 0.578
0.313 0.203 0.015 0.531
0.532 1.718 0.063 2.313
0.391 0.203 0.015 0.609
0.422 0.234 0.03 0.686
0.39 0.235 0.015 0.64
