0.531 1.719 1.265 3.515
0.296 0.188 0.031 0.515
0.328 0.187 0.016 0.531
0.437 0.188 0.015 0.64
0.328 0.313 0.016 0.657
0.407 0.187 0 0.594
0.375 0.188 0.015 0.578
0.39 0.188 0.031 0.609
0.313 0.328 0.031 0.672
0.234 0.187 0.016 0.437
0.328 0.25 0.016 0.594
0.375 0.218 0.016 0.609
0.36 0.359 0.031 0.75
0.375 0.203 0.016 0.594
0.36 0.187 0.016 0.563
0.391 0.187 0.016 0.594
0.516 1.484 0.047 2.047
0.329 0.187 0.016 0.532
0.36 0.203 0.031 0.594
0.359 0.25 0.016 0.625
0.36 0.312 0.031 0.703
0.406 0.172 0.016 0.594
0.454 0.187 0.016 0.657
0.422 0.187 0.016 0.625
0.344 0.312 0.031 0.687
0.359 0.188 0.015 0.562
0.39 0.188 0.015 0.593
0.312 0.235 0.015 0.562
0.328 0.328 0.032 0.688
0.297 0.203 0.016 0.516
0.344 0.203 0 0.547
0.344 0.234 0.016 0.594
0.516 1.672 0.046 2.234
0.359 0.188 0.031 0.578
0.36 0.187 0.016 0.563
0.328 0.187 0.047 0.562
0.359 0.316 0.031 0.706
0.328 0.203 0.032 0.563
0.375 0.188 0.016 0.579
0.406 0.188 0.015 0.609
0.375 0.343 0.032 0.75
0.297 0.187 0.032 0.516
0.328 0.219 0 0.547
0.313 0.203 0.016 0.532
0.359 0.36 0.046 0.765
0.266 0.203 0.016 0.485
0.281 0.234 0.016 0.531
0.25 0.219 0.016 0.485
0.531 1.86 0.047 2.438
0.328 0.235 0.015 0.578
0.359 0.219 0.016 0.594
0.344 0.203 0.015 0.562
0.312 0.375 0.016 0.703
0.328 0.203 0.031 0.562
0.391 0.219 0.015 0.625
0.375 0.219 0.234 0.828
0.36 0.39 0.094 0.844
0.329 0.218 0.032 0.579
0.344 0.218 0.016 0.578
0.328 0.219 0.015 0.562
0.328 0.422 0.032 0.782
0.266 0.203 0.016 0.485
0.297 0.219 0.016 0.532
0.328 0.219 0.016 0.563
0.531 1.859 0.047 2.437
0.407 0.218 0.016 0.641
0.453 0.219 0.016 0.688
0.437 0.203 0.016 0.656
0.344 0.343 0.032 0.719
0.297 0.187 0.032 0.516
0.344 0.219 0.015 0.578
0.344 0.203 0.016 0.563
0.359 0.329 0.046 0.734
0.25 0.204 0.015 0.469
0.313 0.234 0.016 0.563
0.375 0.203 0.016 0.594
0.359 0.378 0.047 0.784
0.391 0.234 0.016 0.641
0.422 0.219 0.015 0.656
0.406 0.203 0.016 0.625
0.531 1.672 0.047 2.25
0.266 0.187 0.032 0.485
0.329 0.218 0.016 0.563
0.343 0.219 0 0.562
0.375 0.343 0.032 0.75
0.312 0.204 0.015 0.531
0.265 0.219 0.016 0.5
0.297 0.219 0.015 0.531
0.344 0.375 0.016 0.735
0.218 0.219 0.016 0.453
0.282 0.234 0.016 0.532
0.281 0.219 0.016 0.516
0.344 0.39 0.031 0.765
0.25 0.219 0.016 0.485
0.312 0.235 0.015 0.562
0.313 0.203 0.016 0.532
0.531 1.719 0.031 2.281
0.407 0.203 0 0.61
0.422 0.234 0.016 0.672
0.407 0.218 0.016 0.641
