0.047 0.265 0.438 0.75
0.016 0.015 0 0.031
0.032 0 0.015 0.047
0.016 0.015 0 0.031
0.032 0.015 0 0.047
0.016 0 0.015 0.031
0.032 0.015 0 0.047
0.016 0.016 0 0.032
0.031 0.016 0 0.047
0.016 0 0.015 0.031
0.031 0 0.016 0.047
0.016 0.015 0 0.031
0.032 0.015 0.016 0.063
0.016 0.015 0 0.031
0.016 0.016 0 0.032
0.031 0 0 0.031
0.062 0.188 0.015 0.265
0.031 0 0.016 0.047
0.016 0.015 0 0.031
0.016 0.015 0 0.031
0.032 0.015 0 0.047
0.016 0.015 0 0.031
0.016 0 0.016 0.032
0.016 0 0.015 0.031
0.031 0.016 0 0.047
0.015 0 0.016 0.031
0.031 0 0 0.031
0.016 0.015 0 0.031
0.016 0.016 0 0.032
0.016 0.015 0 0.031
0.015 0.016 0 0.031
0.016 0.015 0 0.031
0.063 0.203 0.015 0.281
0.016 0.016 0 0.032
0.031 0 0.016 0.047
0.031 0 0 0.031
0.031 0 0.016 0.047
0.016 0 0.016 0.032
0.016 0.016 0 0.032
0.031 0 0.015 0.046
0.015 0.016 0 0.031
0.015 0.016 0 0.031
0.015 0.016 0 0.031
0.016 0 0.015 0.031
0.031 0 0.015 0.046
0.032 0 0 0.032
0.015 0.016 0 0.031
0.032 0.015 0 0.047
0.062 0.172 0.016 0.25
0.015 0.016 0 0.031
0.015 0.016 0 0.031
0.016 0.015 0 0.031
0.015 0.016 0.015 0.046
0.032 0.008 0.003 0.043
0.015 0 0.016 0.031
0.016 0.016 0 0.032
0.032 0.015 0 0.047
0.015 0 0.016 0.031
0.031 0 0.016 0.047
0.031 0 0 0.031
0.032 0.015 0.016 0.063
0.015 0 0.016 0.031
0.016 0 0.016 0.032
0.016 0.015 0 0.031
0.063 0.187 0.016 0.266
0.015 0 0.016 0.031
0.031 0 0.016 0.047
0.031 0 0 0.031
0.031 0.016 0 0.047
0.016 0.016 0 0.032
0.031 0 0.016 0.047
0.015 0.016 0 0.031
0.016 0.016 0 0.032
0.015 0 0 0.015
0.016 0.019 0 0.035
0.016 0.016 0 0.032
0.016 0.015 0 0.031
0.016 0 0.015 0.031
0.016 0 0.016 0.032
0.031 0 0 0.031
0.047 0.185 0.015 0.247
0.016 0.015 0 0.031
0.031 0 0.016 0.047
0.016 0 0.015 0.031
0.016 0.016 0 0.032
0.02 0.009 0.006 0.035
0.016 0.015 0 0.031
0.016 0.015 0 0.031
0.015 0.016 0.016 0.047
0.031 0 0.015 0.046
0.016 0.015 0 0.031
0.015 0.016 0 0.031
0.031 0.016 0 0.047
0.02 0 0.016 0.036
0.027 0.016 0 0.043
0.016 0.015 0 0.031
0.062 0.172 0.016 0.25
0.016 0.015 0 0.031
0.031 0 0.016 0.047
0.015 0.016 0 0.031
