0.047 0.265 0.422 0.734
0.032 0 0.015 0.047
0.016 0.016 0 0.032
0.016 0.015 0.016 0.047
0.031 0.016 0.047 0.094
0.016 0.016 0 0.032
0.032 0 0.015 0.047
0.015 0.016 0 0.031
0.031 0.016 0 0.047
0.031 0 0 0.031
0.016 0.015 0 0.031
0.031 0 0.016 0.047
0.031 0.016 0.016 0.063
0.015 0.016 0 0.031
0.015 0.016 0 0.031
0.015 0.016 0 0.031
0.062 0.188 0.016 0.266
0.016 0.015 0 0.031
0.031 0 0.016 0.047
0.015 0.016 0 0.031
0.032 0 0.019 0.051
0.016 0.015 0 0.031
0.016 0.015 0 0.031
0.015 0.016 0 0.031
0.015 0.016 0.016 0.047
0.016 0.015 0 0.031
0.015 0.016 0 0.031
0.031 0 0.031 0.062
0.031 0.016 0 0.047
0.016 0 0.016 0.032
0.016 0.015 0 0.031
0.016 0 0 0.016
0.062 0.188 0.031 0.281
0.015 0.016 0 0.031
0.016 0.016 0 0.032
0.031 0 0.017 0.048
0.032 0 0.015 0.047
0.016 0.016 0 0.032
0.031 0.016 0 0.047
0.015 0.016 0 0.031
0.031 0.015 0 0.046
0.031 0 0.016 0.047
0.016 0.016 0 0.032
0.016 0.015 0 0.031
0.015 0.016 0 0.031
0.031 0 0.015 0.046
0.031 0 0 0.031
0.032 0 0.015 0.047
0.059 0.172 0.031 0.262
0.019 0 0.015 0.034
0.016 0.015 0 0.031
0.015 0.016 0 0.031
0.016 0.015 0.016 0.047
0.015 0.016 0 0.031
0.016 0.016 0 0.032
0.016 0.016 0 0.032
0.016 0.015 0.016 0.047
0.016 0.015 0 0.031
0.016 0.015 0 0.031
0.036 0 0 0.036
0.015 0.016 0.016 0.047
0.016 0.016 0 0.032
0.016 0.016 0 0.032
0.016 0.015 0 0.031
0.047 0.192 0.016 0.255
0.032 0 0 0.032
0.031 0 0 0.031
0.016 0 0.016 0.032
0.015 0.016 0 0.031
0.016 0.015 0 0.031
0.016 0 0.016 0.032
0.031 0 0 0.031
0.031 0.016 0 0.047
0.016 0 0 0.016
0.031 0 0 0.031
0.015 0 0.016 0.031
0.015 0.016 0 0.031
0.016 0.016 0 0.032
0.016 0 0.015 0.031
0.016 0 0.016 0.032
0.063 0.172 0.015 0.25
0.016 0 0.015 0.031
0.031 0 0.016 0.047
0.016 0.015 0 0.031
0.016 0.015 0.016 0.047
0.016 0.016 0 0.032
0.031 0 0.016 0.047
0.016 0.015 0 0.031
0.016 0.016 0.015 0.047
0.015 0 0.016 0.031
0.031 0 0.016 0.047
0.015 0.016 0 0.031
0.031 0.016 0.015 0.062
0.015 0.016 0 0.031
0.032 0 0.015 0.047
0.015 0 0.016 0.031
0.062 0.157 0.031 0.25
0.037 0.005 0 0.042
0.015 0.016 0 0.031
0.016 0 0.015 0.031
