0.141 0.218 0.594 0.953
0.109 0.078 0.016 0.203
0.141 0.094 0.015 0.25
0.125 0.079 0.015 0.219
0.125 0.141 0.015 0.281
0.125 0.079 0.015 0.219
0.125 0.078 0.016 0.219
0.125 0.062 0 0.187
0.141 0.094 0.015 0.25
0.109 0.062 0.016 0.187
0.125 0.078 0.016 0.219
0.125 0.078 0 0.203
0.14 0.11 0.015 0.265
0.11 0.093 0 0.203
0.125 0.078 0.016 0.219
0.141 0.062 0.016 0.219
0.14 0.219 0.016 0.375
0.094 0.078 0 0.172
0.125 0.078 0.016 0.219
0.125 0.063 0.016 0.204
0.125 0.109 0.016 0.25
0.11 0.078 0.016 0.204
0.125 0.078 0 0.203
0.125 0.062 0 0.187
0.141 0.094 0 0.235
0.109 0.062 0 0.171
0.141 0.062 0 0.203
0.125 0.062 0 0.187
0.125 0.093 0.016 0.234
0.11 0.062 0 0.172
0.125 0.078 0 0.203
0.125 0.063 0 0.188
0.141 0.187 0 0.328
0.093 0.078 0 0.171
0.125 0.078 0.016 0.219
0.125 0.062 0.016 0.203
0.141 0.125 0.015 0.281
0.109 0.078 0.016 0.203
0.125 0.078 0.016 0.219
0.125 0.063 0.016 0.204
0.141 0.125 0.015 0.281
0.109 0.063 0.015 0.187
0.14 0.078 0.016 0.234
0.125 0.078 0.015 0.218
0.141 0.109 0 0.25
0.11 0.062 0.016 0.188
0.125 0.094 0 0.219
0.125 0.079 0 0.204
0.14 0.188 0.015 0.343
0.093 0.079 0.015 0.187
0.125 0.093 0.016 0.234
0.11 0.078 0 0.188
0.125 0.125 0.016 0.266
0.109 0.078 0.016 0.203
0.125 0.094 0.016 0.235
0.125 0.078 0.031 0.234
0.141 0.125 0.016 0.282
0.094 0.094 0 0.188
0.125 0.093 0.016 0.234
0.11 0.078 0.015 0.203
0.125 0.125 0.016 0.266
0.109 0.094 0.015 0.218
0.125 0.094 0.016 0.235
0.125 0.078 0 0.203
0.14 0.219 0.016 0.375
0.094 0.078 0.016 0.188
0.11 0.093 0.016 0.219
0.109 0.078 0.016 0.203
0.141 0.109 0.016 0.266
0.11 0.062 0.016 0.188
0.125 0.094 0.015 0.234
0.125 0.063 0 0.188
0.125 0.094 0.015 0.234
0.11 0.046 0.016 0.172
0.125 0.079 0.015 0.219
0.125 0.079 0 0.204
0.14 0.11 0.015 0.265
0.109 0.078 0.016 0.203
0.125 0.094 0 0.219
0.125 0.062 0 0.187
0.141 0.265 0.016 0.422
0.093 0.079 0.015 0.187
0.125 0.079 0 0.204
0.125 0.078 0.015 0.218
0.141 0.109 0.016 0.266
0.109 0.078 0.016 0.203
0.125 0.078 0.015 0.218
0.125 0.078 0 0.203
0.141 0.109 0 0.25
0.109 0.063 0.016 0.188
0.125 0.078 0.016 0.219
0.125 0.062 0.016 0.203
0.14 0.094 0.016 0.25
0.094 0.078 0.016 0.188
0.125 0.062 0.016 0.203
0.11 0.062 0.016 0.188
0.14 0.313 0.016 0.469
0.094 0.062 0.016 0.172
0.109 0.078 0.016 0.203
0.109 0.063 0.015 0.187
