0.141 0.234 0.578 0.953
0.11 0.078 0.015 0.203
0.125 0.109 0.031 0.265
0.125 0.078 0.015 0.218
0.141 0.109 0.032 0.282
0.11 0.093 0.016 0.219
0.125 0.078 0.031 0.234
0.14 0.047 0.016 0.203
0.141 0.094 0.015 0.25
0.11 0.078 0.016 0.204
0.125 0.078 0.032 0.235
0.141 0.062 0.016 0.219
0.14 0.11 0.015 0.265
0.109 0.078 0.016 0.203
0.125 0.078 0.016 0.219
0.125 0.078 0.015 0.218
0.14 0.203 0.016 0.359
0.094 0.062 0.016 0.172
0.125 0.078 0.016 0.219
0.11 0.078 0.015 0.203
0.14 0.094 0.031 0.265
0.109 0.078 0.016 0.203
0.125 0.062 0.016 0.203
0.125 0.063 0.015 0.203
0.14 0.094 0.016 0.25
0.109 0.063 0.016 0.188
0.125 0.063 0.015 0.203
0.125 0.062 0.016 0.203
0.141 0.093 0.016 0.25
0.11 0.062 0.016 0.188
0.14 0.063 0.015 0.218
0.125 0.047 0.015 0.187
0.141 0.188 0.015 0.344
0.094 0.078 0.016 0.188
0.11 0.078 0.015 0.203
0.11 0.078 0 0.188
0.125 0.125 0.031 0.281
0.109 0.078 0 0.187
0.125 0.078 0.016 0.219
0.125 0.063 0.015 0.203
0.141 0.125 0.016 0.282
0.11 0.062 0.016 0.188
0.125 0.078 0.016 0.219
0.125 0.062 0.016 0.203
0.141 0.109 0.016 0.266
0.11 0.078 0.016 0.204
0.125 0.078 0.031 0.234
0.109 0.078 0.016 0.203
0.14 0.204 0.015 0.359
0.109 0.078 0.016 0.203
0.125 0.093 0.016 0.234
0.125 0.063 0.016 0.204
0.125 0.125 0.015 0.265
0.109 0.078 0.016 0.203
0.125 0.094 0.016 0.235
0.125 0.078 0.015 0.218
0.14 0.141 0.016 0.297
0.11 0.078 0.015 0.203
0.125 0.093 0.016 0.234
0.125 0.063 0.015 0.203
0.125 0.125 0.032 0.282
0.109 0.094 0.016 0.219
0.125 0.094 0.016 0.235
0.11 0.078 0.015 0.203
0.141 0.219 0.031 0.391
0.094 0.078 0.016 0.188
0.109 0.094 0.015 0.218
0.125 0.078 0.016 0.219
0.141 0.125 0.015 0.281
0.109 0.063 0.015 0.187
0.125 0.093 0.016 0.234
0.125 0.062 0.016 0.203
0.125 0.094 0.031 0.25
0.11 0.062 0.016 0.188
0.125 0.078 0.015 0.218
0.125 0.078 0.015 0.218
0.125 0.11 0.031 0.266
0.109 0.078 0.016 0.203
0.125 0.093 0.016 0.234
0.125 0.062 0.016 0.203
0.141 0.25 0.031 0.422
0.093 0.078 0.016 0.187
0.125 0.078 0.016 0.219
0.125 0.078 0.015 0.218
0.141 0.109 0.016 0.266
0.093 0.094 0.016 0.203
0.125 0.094 0.016 0.235
0.125 0.063 0.016 0.204
0.125 0.11 0.031 0.266
0.093 0.078 0.016 0.187
0.125 0.078 0.015 0.218
0.125 0.062 0.016 0.203
0.14 0.094 0.031 0.265
0.094 0.078 0.016 0.188
0.109 0.078 0.016 0.203
0.094 0.063 0.015 0.172
0.14 0.281 0.016 0.437
0.094 0.062 0.016 0.172
0.11 0.078 0.031 0.219
0.11 0.062 0.016 0.188
