0.063 0.316 0.437 0.816
0.031 0 0.016 0.047
0.031 0.016 0 0.047
0.015 0.016 0 0.031
0.031 0.016 0.016 0.063
0.031 0 0.015 0.046
0.032 0.015 0 0.047
0.015 0.016 0 0.031
0.031 0.016 0 0.047
0.016 0 0.015 0.031
0.031 0 0 0.031
0.031 0 0.016 0.047
0.031 0.016 0.016 0.063
0.031 0 0.016 0.047
0.031 0 0.016 0.047
0.031 0.016 0 0.047
0.062 0.235 0.015 0.312
0.032 0 0.015 0.047
0.031 0.016 0 0.047
0.031 0 0 0.031
0.031 0.016 0 0.047
0.016 0.016 0 0.032
0.031 0 0.015 0.046
0.015 0.016 0 0.031
0.031 0.015 0.016 0.062
0.031 0 0.016 0.047
0.031 0 0.016 0.047
0.031 0 0.016 0.047
0.015 0.016 0.016 0.047
0.015 0.016 0 0.031
0.016 0 0.016 0.032
0.015 0.016 0 0.031
0.062 0.266 0.015 0.343
0.016 0.021 0.004 0.041
0.015 0.016 0 0.031
0.018 0 0.016 0.034
0.031 0.016 0.003 0.05
0.016 0.016 0 0.032
0.015 0.016 0 0.031
0.016 0.015 0 0.031
0.015 0.016 0.016 0.047
0.016 0.016 0 0.032
0.016 0.016 0 0.032
0.031 0 0.016 0.047
0.031 0.016 0 0.047
0.015 0 0.016 0.031
0.031 0 0.016 0.047
0.016 0.015 0 0.031
0.067 0.281 0.016 0.364
0.016 0.016 0 0.032
0.016 0.016 0 0.032
0.031 0 0.016 0.047
0.032 0.015 0 0.047
0.016 0.016 0 0.032
0.016 0 0.015 0.031
0.031 0 0.016 0.047
0.031 0.015 0 0.046
0.015 0 0.016 0.031
0.015 0.016 0 0.031
0.016 0.016 0 0.032
0.032 0.015 0 0.047
0.015 0.016 0 0.031
0.016 0 0.015 0.031
0.015 0.016 0 0.031
0.062 0.282 0.015 0.359
0.015 0.016 0 0.031
0.031 0 0.016 0.047
0.031 0 0 0.031
0.016 0.015 0 0.031
0.031 0 0.015 0.046
0.032 0 0 0.032
0.031 0 0.016 0.047
0.016 0.016 0.015 0.047
0.015 0.016 0 0.031
0.031 0 0 0.031
0.031 0 0.015 0.046
0.016 0.016 0.015 0.047
0.016 0 0.015 0.031
0.031 0 0 0.031
0.016 0.015 0 0.031
0.063 0.256 0.015 0.334
0.031 0 0.015 0.046
0.032 0 0.015 0.047
0.018 0.015 0 0.033
0.031 0.015 0 0.046
0.031 0 0.016 0.047
0.031 0 0.016 0.047
0.031 0 0.015 0.046
0.032 0.015 0 0.047
0.015 0.016 0 0.031
0.015 0.016 0 0.031
0.032 0.015 0 0.047
0.015 0.032 0 0.047
0.016 0.015 0 0.031
0.02 0.015 0 0.035
0.031 0 0.016 0.047
0.062 0.313 0.015 0.39
0.015 0.016 0 0.031
0.016 0.016 0.015 0.047
0.016 0.015 0 0.031
