0.062 0.313 0.425 0.8
0.016 0.016 0 0.032
0.015 0.016 0 0.031
0.031 0 0.016 0.047
0.032 0.015 0.016 0.063
0.031 0 0.016 0.047
0.031 0.016 0 0.047
0.031 0.015 0 0.046
0.031 0.016 0.016 0.063
0.031 0 0 0.031
0.015 0.016 0 0.031
0.016 0.016 0 0.032
0.032 0.015 0.016 0.063
0.015 0.016 0 0.031
0.031 0.016 0 0.047
0.032 0.015 0 0.047
0.063 0.234 0.031 0.328
0.016 0.015 0 0.031
0.016 0.015 0 0.031
0.015 0.016 0 0.031
0.031 0.016 0.015 0.062
0.016 0.016 0 0.032
0.031 0 0.016 0.047
0.031 0 0.016 0.047
0.031 0.016 0 0.047
0.016 0.015 0 0.031
0.016 0.016 0 0.032
0.016 0.015 0 0.031
0.031 0.016 0.015 0.062
0.031 0 0.016 0.047
0.032 0 0 0.032
0.031 0 0.016 0.047
0.062 0.27 0.031 0.363
0.016 0.015 0 0.031
0.019 0.016 0 0.035
0.015 0 0.016 0.031
0.015 0.016 0.015 0.046
0.016 0.016 0 0.032
0.032 0 0.015 0.047
0.016 0 0.016 0.032
0.031 0.016 0 0.047
0.016 0.015 0 0.031
0.016 0.016 0 0.032
0.016 0 0.015 0.031
0.031 0.015 0 0.046
0.031 0 0 0.031
0.031 0 0.016 0.047
0.031 0 0.016 0.047
0.062 0.297 0.016 0.375
0.015 0 0.016 0.031
0.016 0.016 0 0.032
0.016 0.015 0 0.031
0.016 0.015 0.016 0.047
0.016 0 0.015 0.031
0.016 0.015 0 0.031
0.031 0 0.016 0.047
0.031 0.019 0 0.05
0.031 0 0 0.031
0.016 0.015 0 0.031
0.031 0 0.016 0.047
0.031 0.016 0.016 0.063
0.015 0.016 0 0.031
0.015 0.016 0 0.031
0.016 0.015 0 0.031
0.062 0.282 0.015 0.359
0.016 0.015 0 0.031
0.016 0.015 0 0.031
0.016 0.015 0 0.031
0.016 0.016 0.015 0.047
0.034 0.001 0 0.035
0.031 0 0 0.031
0.016 0.015 0 0.031
0.015 0.016 0.016 0.047
0.016 0 0.016 0.032
0.015 0 0.016 0.031
0.032 0 0.015 0.047
0.031 0 0.016 0.047
0.031 0 0.016 0.047
0.031 0 0.016 0.047
0.016 0.016 0 0.032
0.063 0.25 0.015 0.328
0.016 0.015 0 0.031
0.031 0.016 0 0.047
0.031 0 0.015 0.046
0.016 0.015 0.016 0.047
0.015 0 0.016 0.031
0.016 0.016 0 0.032
0.031 0 0.016 0.047
0.031 0.016 0.015 0.062
0.023 0 0 0.023
0.031 0 0.016 0.047
0.031 0 0.016 0.047
0.031 0.016 0.015 0.062
0.015 0.016 0 0.031
0.016 0.015 0.016 0.047
0.031 0.016 0 0.047
0.059 0.297 0.032 0.388
0.031 0 0.016 0.047
0.015 0.016 0 0.031
0.016 0.016 0 0.032
