0.188 2.812 0.594 3.594
0.078 0.063 0 0.141
0.094 0.125 0.016 0.235
0.094 0.093 0.016 0.203
0.11 0.547 0.031 0.688
0.078 0.078 0 0.156
0.093 0.125 0.016 0.234
0.094 0.078 0.015 0.187
0.11 0.531 0.031 0.672
0.093 0.063 0.015 0.171
0.093 0.125 0 0.218
0.094 0.109 0 0.203
0.125 0.531 0.031 0.687
0.078 0.063 0.015 0.156
0.093 0.141 0.016 0.25
0.109 0.078 0.016 0.203
0.172 2.484 0.032 2.688
0.093 0.063 0.016 0.172
0.094 0.14 0 0.234
0.094 0.093 0 0.187
0.093 0.516 0.031 0.64
0.094 0.078 0 0.172
0.094 0.141 0 0.235
0.11 0.078 0.015 0.203
0.11 0.547 0.015 0.672
0.094 0.078 0.016 0.188
0.094 0.14 0 0.234
0.094 0.094 0 0.188
0.11 0.546 0.016 0.672
0.094 0.078 0 0.172
0.094 0.109 0.016 0.219
0.094 0.078 0.016 0.188
0.188 2.594 0.046 2.828
0.094 0.063 0.015 0.172
0.093 0.125 0.016 0.234
0.109 0.11 0.015 0.234
0.094 0.578 0.031 0.703
0.094 0.078 0 0.172
0.109 0.125 0.016 0.25
0.093 0.094 0.016 0.203
0.125 0.594 0.031 0.75
0.094 0.078 0 0.172
0.094 0.156 0.015 0.265
0.093 0.11 0 0.203
0.125 0.641 0.031 0.797
0.093 0.063 0.015 0.171
0.094 0.156 0 0.25
0.094 0.11 0.015 0.219
0.188 2.953 0.047 3.188
0.094 0.078 0 0.172
0.094 0.172 0.015 0.281
0.093 0.141 0 0.234
0.11 0.718 0.032 0.86
0.078 0.11 0.015 0.203
0.093 0.188 0.015 0.296
0.094 0.141 0 0.235
0.125 0.765 0.032 0.922
0.093 0.094 0 0.187
0.109 0.141 0.015 0.265
0.094 0.109 0.016 0.219
0.11 0.718 0.032 0.86
0.094 0.094 0.015 0.203
0.11 0.156 0.015 0.281
0.109 0.125 0 0.234
0.187 2.922 0.047 3.156
0.094 0.078 0.016 0.188
0.094 0.156 0 0.25
0.093 0.11 0.015 0.218
0.109 0.578 0.016 0.703
0.078 0.094 0 0.172
0.094 0.141 0.015 0.25
0.093 0.11 0.015 0.218
0.125 0.719 0.031 0.875
0.094 0.078 0 0.172
0.094 0.125 0.015 0.234
0.109 0.094 0.015 0.218
0.11 0.625 0.015 0.75
0.094 0.078 0.016 0.188
0.094 0.14 0 0.234
0.078 0.094 0 0.172
0.188 3.015 0.031 3.234
0.093 0.078 0.016 0.187
0.11 0.14 0.016 0.266
0.094 0.094 0.015 0.203
0.11 0.64 0.032 0.782
0.078 0.093 0 0.171
0.109 0.125 0.016 0.25
0.094 0.109 0.016 0.219
0.109 0.625 0.063 0.797
0.093 0.078 0.016 0.187
0.11 0.125 0 0.235
0.094 0.078 0.016 0.188
0.11 0.625 0.109 0.844
0.094 0.078 0 0.172
0.094 0.125 0.016 0.235
0.093 0.11 0 0.203
0.188 3.125 0.047 3.36
0.094 0.109 0 0.203
0.094 0.125 0.016 0.235
0.109 0.11 0 0.219
