0.188 2.828 0.609 3.625
0.079 0.046 0.016 0.141
0.094 0.125 0.016 0.235
0.078 0.109 0 0.187
0.109 0.531 0.047 0.687
0.078 0.079 0 0.157
0.094 0.125 0.015 0.234
0.093 0.094 0 0.187
0.109 0.531 0.047 0.687
0.094 0.062 0.016 0.172
0.109 0.125 0 0.234
0.094 0.093 0.016 0.203
0.109 0.531 0.047 0.687
0.078 0.078 0 0.156
0.094 0.14 0.016 0.25
0.094 0.093 0.016 0.203
0.188 2.484 0.063 2.735
0.094 0.062 0.016 0.172
0.094 0.14 0.016 0.25
0.093 0.094 0 0.187
0.094 0.531 0.047 0.672
0.078 0.078 0.016 0.172
0.094 0.125 0.016 0.235
0.094 0.094 0.016 0.204
0.11 0.531 0.047 0.688
0.094 0.078 0.016 0.188
0.11 0.125 0.015 0.25
0.094 0.093 0.016 0.203
0.109 0.547 0.047 0.703
0.078 0.078 0.016 0.172
0.094 0.125 0.015 0.234
0.094 0.094 0.015 0.203
0.203 2.891 0.062 3.156
0.094 0.078 0.016 0.188
0.094 0.125 0.015 0.234
0.094 0.125 0 0.219
0.11 0.578 0.047 0.735
0.079 0.078 0.015 0.172
0.094 0.14 0.016 0.25
0.094 0.078 0.016 0.188
0.109 0.594 0.047 0.75
0.094 0.062 0.016 0.172
0.094 0.14 0.016 0.25
0.094 0.109 0.016 0.219
0.109 0.625 0.062 0.812
0.094 0.078 0.016 0.188
0.094 0.156 0.016 0.266
0.109 0.11 0 0.219
0.187 2.938 0.078 3.203
0.094 0.078 0.016 0.188
0.109 0.157 0.015 0.281
0.109 0.141 0 0.25
0.109 0.719 0.047 0.875
0.094 0.109 0.016 0.219
0.109 0.188 0.015 0.312
0.109 0.125 0.016 0.25
0.125 0.766 0.047 0.938
0.093 0.094 0.016 0.203
0.109 0.141 0.016 0.266
0.094 0.109 0.016 0.219
0.11 0.734 0.047 0.891
0.094 0.078 0.015 0.187
0.11 0.156 0.016 0.282
0.094 0.125 0.031 0.25
0.188 2.922 0.062 3.172
0.094 0.078 0.015 0.187
0.094 0.156 0.016 0.266
0.094 0.125 0.016 0.235
0.109 0.578 0.047 0.734
0.094 0.078 0.016 0.188
0.093 0.141 0.016 0.25
0.094 0.109 0.016 0.219
0.109 0.734 0.047 0.89
0.093 0.078 0 0.171
0.11 0.109 0.016 0.235
0.094 0.109 0.016 0.219
0.125 0.609 0.047 0.781
0.109 0.078 0 0.187
0.094 0.125 0.015 0.234
0.094 0.078 0.016 0.188
0.188 3.016 0.062 3.266
0.109 0.078 0 0.187
0.11 0.14 0.016 0.266
0.094 0.094 0.015 0.203
0.109 0.656 0.032 0.797
0.093 0.078 0 0.171
0.094 0.141 0.015 0.25
0.11 0.109 0.016 0.235
0.109 0.625 0.047 0.781
0.094 0.078 0.016 0.188
0.094 0.125 0.016 0.235
0.109 0.078 0.016 0.203
0.125 0.609 0.047 0.781
0.094 0.078 0.016 0.188
0.109 0.125 0.016 0.25
0.094 0.109 0 0.203
0.187 3.11 0.078 3.375
0.094 0.093 0.016 0.203
0.093 0.125 0.016 0.234
0.109 0.094 0.016 0.219
