0.375 16.641 1.25 18.266
0.203 2.172 0.078 2.453
0.219 2.953 0.094 3.266
0.203 2.562 0.094 2.859
0.266 4.89 0.156 5.312
0.172 2.547 0.078 2.797
0.203 2.812 0.094 3.109
0.203 2.391 0.078 2.672
0.282 4.718 0.157 5.157
0.188 2.671 0.094 2.953
0.188 3.156 0.078 3.422
0.203 2.516 0.078 2.797
0.25 4.734 0.141 5.125
0.172 2.687 0.078 2.937
0.203 2.781 0.094 3.078
0.203 2.313 0.093 2.609
0.375 15.812 0.172 16.359
0.188 2.234 0.094 2.516
0.203 3.125 0.094 3.422
0.203 2.578 0.094 2.875
0.265 4.641 0.156 5.062
0.187 2.485 0.078 2.75
0.203 2.891 0.093 3.187
0.203 2.141 0.078 2.422
0.25 4.563 0.14 4.953
0.172 2.375 0.078 2.625
0.187 2.625 0.078 2.89
0.219 2.109 0.094 2.422
0.25 4.328 0.141 4.719
0.172 2.438 0.078 2.688
0.203 2.937 0.078 3.218
0.203 2.328 0.094 2.625
0.375 15.797 0.172 16.344
0.172 2.281 0.078 2.531
0.187 2.953 0.079 3.219
0.187 2.625 0.078 2.89
0.25 4.828 0.156 5.234
0.187 2.391 0.094 2.672
0.188 3.015 0.078 3.281
0.172 2.547 0.078 2.797
0.25 4.703 0.156 5.109
0.188 2.562 0.078 2.828
0.203 2.875 0.078 3.156
0.187 2.484 0.079 2.75
0.266 4.703 0.141 5.11
0.172 2.562 0.079 2.813
0.203 3 0.094 3.297
0.187 2.657 0.078 2.922
0.375 16.36 0.172 16.907
0.172 2.359 0.094 2.625
0.204 3.171 0.094 3.469
0.204 2.781 0.094 3.079
0.266 4.969 0.156 5.391
0.172 2.609 0.078 2.859
0.203 2.906 0.094 3.203
0.187 2.375 0.094 2.656
0.266 4.812 0.156 5.234
0.203 2.156 0.094 2.453
0.219 2.688 0.093 3
0.203 2.375 0.078 2.656
0.265 4.813 0.156 5.234
0.171 2.547 0.078 2.796
0.203 2.813 0.094 3.11
0.203 2.422 0.078 2.703
0.391 16.203 0.172 16.766
0.187 2.156 0.079 2.422
0.219 2.766 0.093 3.078
0.203 2.453 0.094 2.75
0.25 5.031 0.156 5.437
0.187 2.281 0.079 2.547
0.219 2.859 0.094 3.172
0.219 2.094 0.078 2.391
0.265 4.735 0.156 5.156
0.203 2.266 0.094 2.563
0.218 2.703 0.094 3.015
0.187 2.578 0.094 2.859
0.25 4.938 0.14 5.328
0.172 2.531 0.078 2.781
0.203 2.797 0.094 3.094
0.219 2.516 0.093 2.828
0.375 16.547 0.172 17.094
0.203 2.14 0.094 2.437
0.219 3.047 0.109 3.375
0.203 2.609 0.094 2.906
0.266 5.094 0.156 5.516
0.188 2.468 0.094 2.75
0.203 3.078 0.094 3.375
0.203 2.781 0.094 3.078
0.266 5.297 0.156 5.719
0.172 2.625 0.093 2.89
0.203 2.906 0.094 3.203
0.203 2.781 0.078 3.062
0.281 4.906 0.156 5.343
0.188 2.594 0.078 2.86
0.219 2.906 0.094 3.219
0.218 2.547 0.094 2.859
0.391 16.453 0.172 17.016
0.188 2.312 0.094 2.594
0.219 2.968 0.11 3.297
0.203 2.781 0.094 3.078
