0.39 17.125 1.235 18.75
0.203 2.187 0.063 2.453
0.203 2.953 0.063 3.219
0.204 2.703 0.047 2.954
0.25 5 0.094 5.344
0.187 2.625 0.047 2.859
0.204 3.015 0.063 3.282
0.203 2.407 0.046 2.656
0.266 4.937 0.094 5.297
0.187 2.735 0.046 2.968
0.203 3.265 0.047 3.515
0.203 2.609 0.047 2.859
0.265 4.891 0.094 5.25
0.172 2.781 0.047 3
0.219 2.781 0.047 3.047
0.203 2.328 0.063 2.594
0.375 15.922 0.203 16.5
0.187 2.235 0.047 2.469
0.203 3.125 0.063 3.391
0.203 2.609 0.047 2.859
0.266 4.672 0.093 5.031
0.187 2.5 0.047 2.734
0.219 2.89 0.063 3.172
0.203 2.141 0.046 2.39
0.25 4.593 0.079 4.922
0.172 2.39 0.047 2.609
0.203 2.625 0.062 2.89
0.203 2.125 0.063 2.391
0.25 4.343 0.079 4.672
0.172 2.453 0.047 2.672
0.203 2.937 0.063 3.203
0.203 2.328 0.047 2.578
0.39 15.875 0.11 16.375
0.187 2.282 0.046 2.515
0.187 2.953 0.047 3.187
0.188 2.625 0.046 2.859
0.25 4.844 0.094 5.188
0.172 2.406 0.047 2.625
0.203 3.016 0.062 3.281
0.187 2.531 0.047 2.765
0.265 4.719 0.094 5.078
0.188 2.562 0.047 2.797
0.203 2.891 0.047 3.141
0.203 2.485 0.062 2.75
0.266 4.734 0.094 5.094
0.172 2.578 0.047 2.797
0.203 3 0.063 3.266
0.187 2.641 0.047 2.875
0.39 16.344 0.203 16.937
0.187 2.36 0.062 2.609
0.203 3.187 0.063 3.453
0.203 2.797 0.046 3.046
0.25 4.985 0.094 5.329
0.172 2.61 0.047 2.829
0.219 2.906 0.062 3.187
0.188 2.375 0.047 2.61
0.265 4.828 0.094 5.187
0.219 2.156 0.047 2.422
0.203 2.703 0.047 2.953
0.203 2.375 0.047 2.625
0.25 6.094 0.094 6.438
0.187 4.203 0.032 4.422
0.219 2.797 0.063 3.079
0.204 2.421 0.079 2.704
0.391 17.078 0.109 17.578
0.188 2.156 0.063 2.407
0.203 2.781 0.047 3.031
0.203 2.469 0.047 2.719
0.25 5.094 0.094 5.438
0.203 2.282 0.046 2.531
0.219 2.875 0.063 3.157
0.203 2.11 0.047 2.36
0.266 4.75 0.094 5.11
0.203 2.297 0.047 2.547
0.203 2.719 0.047 2.969
0.203 2.593 0.047 2.843
0.25 5.188 0.094 5.532
0.172 2.532 0.046 2.75
0.219 2.797 0.063 3.079
0.203 2.797 0.063 3.063
0.391 20.64 0.11 21.141
0.203 2.157 0.046 2.406
0.219 3.422 0.062 3.703
0.203 2.812 0.063 3.078
0.266 5.921 0.094 6.281
0.172 2.61 0.078 2.86
0.219 4.172 0.047 4.438
0.203 2.781 0.063 3.047
0.266 5.359 0.094 5.719
0.172 2.765 0.047 2.984
0.218 3.391 0.063 3.672
0.203 2.781 0.062 3.046
0.266 4.906 0.094 5.266
0.172 2.594 0.047 2.813
0.219 2.953 0.047 3.219
0.219 2.547 0.063 2.829
0.391 16.531 0.109 17.031
0.188 2.328 0.063 2.579
0.219 3.594 0.062 3.875
0.218 2.782 0.062 3.062
