0.015 0.063 0.234 0.312
0 0.016 0 0.016
0.016 0 0.015 0.031
0 0.016 0 0.016
0.016 0 0.016 0.032
0 0.015 0 0.015
0.016 0 0.015 0.031
0.016 0 0.015 0.031
0 0.015 0.016 0.031
0.016 0 0 0.016
0 0.016 0 0.016
0.016 0 0 0.016
0 0.016 0.015 0.031
0 0 0.016 0.016
0 0 0.015 0.015
0 0.016 0 0.016
0.015 0.032 0.015 0.062
0 0 0.016 0.016
0 0 0.016 0.016
0 0 0.016 0.016
0 0.016 0.015 0.031
0 0 0.016 0.016
0.016 0 0 0.016
0 0 0 0.015
0 0.015 0.016 0.031
0 0 0.015 0.015
0 0 0.016 0.016
0 0.016 0 0.016
0.015 0.016 0 0.031
0 0 0.016 0.016
0 0 0.016 0.016
0 0.016 0 0.016
0 0.032 0.015 0.047
0.016 0 0 0.016
0.015 0 0.016 0.031
0 0 0.016 0.016
0 0.016 0 0.016
0.016 0 0 0.016
0 0 0.016 0.016
0 0 0.015 0.015
0.016 0 0.016 0.032
0.016 0 0 0.016
0 0 0.015 0.015
0.015 0 0.016 0.031
0 0.016 0 0.016
0 0 0.015 0.015
0 0.016 0 0.016
0 0 0.016 0.016
0.016 0.015 0.016 0.047
0 0 0.016 0.016
0 0.015 0 0.015
0 0.016 0 0.016
0.016 0 0.015 0.031
0 0 0.016 0.016
0.016 0 0 0.016
0 0.015 0 0.015
0.015 0.016 0 0.031
0 0 0.016 0.016
0 0.016 0 0.016
0 0.016 0 0.016
0.016 0 0.015 0.031
0 0 0.015 0.015
0.016 0 0.015 0.031
0.015 0 0 0.015
0 0.031 0.015 0.046
0.016 0 0 0.016
0 0.016 0 0.016
0 0 0.015 0.015
0.016 0 0.016 0.032
0.016 0 0 0.016
0 0 0.015 0.015
0 0 0.015 0.015
0 0.015 0 0.015
0 0 0.015 0.015
0.016 0 0 0.016
0.016 0 0.015 0.031
0.016 0.015 0 0.031
0.016 0 0 0.016
0 0.016 0 0.016
0.016 0 0.015 0.031
0 0.031 0 0.031
0 0 0.015 0.015
0 0 0.015 0.015
0.016 0 0 0.016
0.016 0 0.016 0.032
0.015 0 0 0.015
0 0 0.015 0.015
0 0 0.015 0.015
0.016 0 0.016 0.032
0 0.016 0 0.016
0 0 0.015 0.015
0 0 0.016 0.016
0.016 0 0.016 0.032
0.015 0 0 0.015
0 0.015 0 0.015
0 0 0.015 0.015
0 0.031 0.016 0.047
0.015 0 0 0.015
0 0.015 0 0.015
0.015 0 0 0.015
