0.609 0.891 1.234 2.734
0.265 0.422 0 0.687
0.281 0.375 0 0.656
0.281 0.282 0.015 0.578
0.407 0.515 0.032 0.954
0.359 0.281 0.016 0.656
0.36 0.328 0.016 0.704
0.312 0.282 0 0.594
0.407 0.546 0.016 0.969
0.266 0.343 0 0.609
0.313 0.359 0.016 0.688
0.297 0.281 0.016 0.594
0.375 0.875 0.016 1.266
0.282 0.343 0 0.625
0.281 0.375 0.016 0.672
0.281 0.344 0.016 0.641
0.61 0.844 0.015 1.469
0.328 0.329 0.015 0.672
0.312 0.344 0.016 0.672
0.282 0.453 0.015 0.75
0.36 0.781 0.047 1.188
0.312 0.36 0.015 0.687
0.297 0.375 0.016 0.688
0.312 0.407 0.015 0.734
0.391 0.859 0.047 1.297
0.344 0.375 0.016 0.735
0.359 0.344 0.031 0.734
0.328 0.313 0.015 0.656
0.407 0.703 0.031 1.141
0.313 0.375 0.016 0.704
0.312 0.36 0.015 0.687
0.297 0.328 0.032 0.657
0.594 0.953 0.047 1.594
0.344 0.39 0.016 0.75
0.313 0.375 0.015 0.703
0.281 0.36 0 0.641
0.344 0.797 0.64 1.781
0.297 0.328 0.032 0.657
0.297 0.391 0.015 0.703
0.281 0.344 0 0.625
0.359 0.781 0.016 1.156
0.281 0.344 0.031 0.656
0.328 0.391 0.016 0.735
0.297 0.313 0.015 0.625
0.36 0.765 0.016 1.141
0.297 0.328 0.109 0.734
0.329 0.375 0.015 0.719
0.328 0.344 0.031 0.703
0.625 0.906 0.047 1.578
0.344 0.359 0.016 0.719
0.328 0.36 0.015 0.703
0.281 0.328 0.016 0.625
0.391 0.766 0.015 1.172
0.313 0.328 0.015 0.656
0.313 0.391 0.015 0.719
0.312 0.328 0 0.64
0.375 0.75 0.046 1.171
0.297 0.344 0.015 0.656
0.297 0.344 0.016 0.657
0.297 0.344 0.015 0.656
0.375 0.719 0.031 1.125
0.281 0.375 0.015 0.671
0.328 0.328 0 0.656
0.313 0.328 0 0.641
0.593 0.828 0.047 1.468
0.313 0.344 0.015 0.672
0.328 0.328 0.016 0.672
0.297 0.343 0.016 0.656
0.375 0.782 0.031 1.188
0.296 0.329 0.015 0.64
0.297 0.378 0.016 0.691
0.281 0.359 0 0.64
0.359 0.766 0.015 1.14
0.297 0.375 0.031 0.703
0.312 0.391 0.015 0.718
0.281 0.344 0.015 0.64
0.391 0.828 0.031 1.25
0.312 0.344 0.031 0.687
0.312 0.375 0.016 0.703
0.297 0.328 0.016 0.641
0.61 0.875 0.015 1.5
0.359 0.375 0.016 0.75
0.329 0.406 0.015 0.75
0.281 0.344 0.015 0.64
0.375 0.719 0.047 1.141
0.313 0.312 0.016 0.641
0.313 0.359 0.11 0.782
0.312 0.375 0.094 0.781
0.391 0.813 0.656 1.86
0.313 0.359 0.031 0.703
0.329 0.375 0.046 0.75
0.281 0.328 0.016 0.625
0.375 0.781 0.047 1.203
0.281 0.344 0.047 0.672
0.297 0.375 0.016 0.688
0.281 0.328 0 0.609
0.61 0.922 0.015 1.547
0.313 0.375 0.016 0.704
0.328 0.36 0.015 0.703
0.297 0.313 0.015 0.625
