0.609 0.875 1.219 2.703
0.265 0.406 0.016 0.687
0.281 0.36 0.015 0.656
0.281 0.281 0.016 0.578
0.406 0.516 0.031 0.953
0.297 0.281 0.016 0.594
0.312 0.329 0.015 0.656
0.281 0.282 0.015 0.578
0.375 0.547 0.031 0.953
0.266 0.328 0.031 0.625
0.297 0.36 0.015 0.672
0.266 0.297 0.015 0.578
0.36 0.734 0.031 1.125
0.265 0.344 0.016 0.625
0.281 0.375 0.016 0.672
0.265 0.313 0.016 0.594
0.594 0.844 0.046 1.484
0.313 0.328 0.016 0.657
0.312 0.344 0.015 0.671
0.281 0.312 0.016 0.609
0.359 0.781 0.047 1.187
0.297 0.359 0.016 0.672
0.312 0.36 0.015 0.687
0.297 0.312 0.016 0.625
0.39 0.86 0.031 1.281
0.328 0.375 0.016 0.719
0.344 0.344 0.015 0.703
0.328 0.313 0.031 0.672
0.39 0.703 0.047 1.14
0.297 0.375 0.016 0.688
0.297 0.359 0.032 0.688
0.297 0.328 0.016 0.641
0.609 0.953 0.031 1.593
0.344 0.375 0.031 0.75
0.296 0.375 0.016 0.687
0.282 0.343 0.016 0.641
0.359 0.782 0.031 1.172
0.281 0.344 0.016 0.641
0.297 0.437 0.016 0.75
0.281 0.344 0.015 0.64
0.36 0.797 0.031 1.188
0.281 0.359 0.016 0.656
0.313 0.39 0.016 0.719
0.297 0.313 0.015 0.625
0.359 0.75 0.047 1.156
0.328 0.328 0.016 0.672
0.344 0.359 0.016 0.719
0.328 0.328 0.016 0.672
0.609 0.906 0.047 1.562
0.328 0.36 0.031 0.719
0.328 0.359 0.016 0.703
0.281 0.344 0.016 0.641
0.375 0.922 0.047 1.344
0.313 0.328 0.016 0.657
0.312 0.391 0.015 0.718
0.312 0.454 0.015 0.781
0.36 0.765 0.047 1.172
0.297 0.343 0.016 0.656
0.297 0.328 0.016 0.641
0.312 0.391 0.016 0.719
0.375 0.719 0.047 1.141
0.281 0.375 0.016 0.672
0.328 0.313 0.015 0.656
0.313 0.328 0.015 0.656
0.609 0.828 0.047 1.484
0.312 0.344 0.016 0.672
0.328 0.328 0.016 0.672
0.281 0.359 0.016 0.656
0.359 0.781 0.047 1.187
0.296 0.329 0.015 0.64
0.297 0.359 0.016 0.672
0.296 0.344 0.016 0.656
0.359 0.766 0.031 1.156
0.281 0.375 0.016 0.672
0.297 0.375 0.015 0.687
0.281 0.344 0.016 0.641
0.391 0.828 0.047 1.266
0.297 0.344 0.015 0.656
0.328 0.375 0.016 0.719
0.297 0.328 0.016 0.641
0.594 0.859 0.047 1.5
0.359 0.375 0.016 0.75
0.328 0.407 0.015 0.75
0.297 0.344 0.016 0.657
0.375 0.718 0.032 1.125
0.312 0.329 0.062 0.703
0.297 0.359 0.016 0.672
0.282 0.375 0.015 0.672
0.375 0.797 0.046 1.218
0.281 0.36 0.015 0.656
0.297 0.375 0.016 0.688
0.281 0.329 0.015 0.625
0.359 0.782 0.031 1.172
0.265 0.344 0.031 0.64
0.297 0.359 0.032 0.688
0.281 0.313 0.015 0.609
0.609 1.079 0.046 1.734
0.313 0.359 0.031 0.703
0.328 0.36 0.015 0.703
0.297 0.328 0.015 0.64
