0.094 1.484 0.375 1.953
0.015 0 0 0.015
0.016 0 0 0.016
0.015 0 0.016 0.031
0.032 0 0.015 0.047
0.016 0.015 0 0.031
0.016 0.015 0 0.031
0.015 0.016 0 0.031
0.015 0.032 0 0.047
0.015 0 0.016 0.031
0.016 0.016 0.015 0.047
0.016 0.016 0.015 0.047
0.015 0.016 0.016 0.047
0.015 0.016 0 0.031
0 0.015 0.016 0.031
0.016 0 0 0.016
0.094 1.281 0.047 1.422
0.016 0 0.015 0.031
0 0.015 0 0.015
0.016 0 0.015 0.031
0.016 0 0.015 0.031
0.016 0 0 0.016
0.016 0 0 0.016
0 0.032 0 0.032
0.015 0 0.016 0.031
0 0.015 0 0.015
0.015 0 0 0.015
0 0.015 0 0.015
0 0.015 0 0.015
0 0.016 0 0.016
0 0.015 0 0.015
0 0.015 0 0.015
0.094 1.265 0.047 1.406
0.031 0 0.016 0.047
0 0.015 0 0.015
0.016 0.016 0 0.032
0.015 0.016 0.016 0.047
0.016 0 0 0.016
0.016 0 0 0.016
0.015 0 0 0.015
0.015 0.016 0 0.031
0 0.015 0 0.015
0 0.016 0 0.016
0.016 0 0.016 0.032
0.016 0.015 0 0.031
0.016 0 0.015 0.031
0.016 0 0 0.016
0 0.015 0 0.015
0.094 1.234 0.032 1.36
0.015 0 0.016 0.031
0.016 0 0.016 0.032
0.016 0.015 0 0.031
0.016 0.016 0 0.032
0 0.016 0.016 0.032
0.016 0.015 0 0.031
0.016 0 0.016 0.032
0.015 0.016 0 0.031
0.016 0.015 0 0.031
0.016 0 0.016 0.032
0 0.016 0 0.016
0 0.015 0 0.015
0.015 0 0.016 0.031
0 0.016 0 0.016
0 0.016 0 0.016
0.11 1.281 0.031 1.422
0.015 0 0 0.015
0.016 0 0.016 0.032
0.016 0.063 0.015 0.094
0.031 0.062 0.016 0.109
0.016 0 0.015 0.031
0 0.016 0 0.016
0.016 0 0.015 0.031
0.016 0 0.016 0.032
0 0.016 0 0.016
0.015 0 0.016 0.031
0.015 0 0.016 0.031
0.016 0 0.015 0.031
0.016 0 0 0.016
0.015 0 0 0.015
0 0.015 0 0.015
0.094 1.312 0.032 1.438
0.016 0 0 0.016
0.015 0 0.016 0.031
0.015 0 0 0.015
0 0.016 0 0.016
0.015 0 0.016 0.031
0 0.015 0 0.015
0.015 0.016 0 0.031
0 0.016 0 0.016
0.016 0 0 0.016
0.016 0 0.016 0.032
0.015 0 0.016 0.031
0 0.015 0 0.015
0 0.015 0 0.015
0 0.015 0 0.015
0 0.016 0 0.016
0.094 1.328 0.031 1.453
0.015 0 0.016 0.031
0.016 0 0 0.016
0.016 0 0 0.016
