0.109 1.5 0.391 2
0 0.015 0 0.015
0.016 0 0 0.016
0.016 0 0.015 0.031
0.016 0.015 0 0.031
0.016 0 0.015 0.031
0.015 0.016 0 0.031
0.016 0.016 0 0.032
0.016 0.031 0.016 0.063
0.015 0.016 0 0.031
0.016 0.031 0 0.047
0.015 0.016 0 0.031
0.016 0.031 0 0.047
0.016 0.016 0 0.032
0 0.015 0.016 0.031
0 0.015 0 0.015
0.094 1.266 0.047 1.407
0.015 0.016 0 0.031
0 0.015 0 0.015
0 0.015 0 0.015
0.016 0 0.015 0.031
0.016 0 0 0.016
0.015 0 0.016 0.031
0.015 0.032 0 0.047
0 0.016 0 0.016
0.016 0 0.015 0.031
0.016 0 0 0.016
0.016 0 0.016 0.032
0 0.016 0 0.016
0 0.016 0 0.016
0.016 0 0.015 0.031
0 0.015 0 0.015
0.094 1.25 0.047 1.391
0.016 0.016 0 0.032
0 0.016 0 0.016
0.015 0.016 0 0.031
0.016 0.015 0 0.031
0 0.016 0 0.016
0 0.016 0 0.016
0.016 0.016 0 0.032
0.016 0 0 0.016
0 0.016 0 0.016
0.016 0 0.016 0.032
0.015 0 0 0.015
0.016 0.015 0 0.031
0.016 0 0.016 0.032
0.015 0.016 0 0.031
0.015 0 0.016 0.031
0.094 1.219 0.047 1.36
0.015 0 0.016 0.031
0.015 0.016 0 0.031
0.016 0.016 0 0.032
0.016 0.015 0 0.031
0.015 0.016 0 0.031
0.016 0.015 0 0.031
0 0.016 0 0.016
0.015 0 0.016 0.031
0.015 0.016 0 0.031
0 0.016 0 0.016
0.016 0.016 0 0.032
0.016 0 0.015 0.031
0.016 0 0 0.016
0 0.016 0 0.016
0.016 0 0.016 0.032
0.093 1.282 0.062 1.437
0 0.016 0 0.016
0 0.016 0 0.016
0.016 0.063 0 0.079
0.016 0.078 0.015 0.109
0 0.016 0 0.016
0.015 0.016 0 0.031
0.015 0 0.016 0.031
0 0.015 0 0.015
0 0.015 0 0.015
0.015 0 0 0.015
0.016 0 0 0.016
0.015 0 0 0.015
0 0.015 0 0.015
0 0.015 0 0.015
0 0.016 0 0.016
0.094 1.312 0.047 1.453
0.016 0 0 0.016
0.016 0 0.016 0.032
0.016 0 0.015 0.031
0.015 0.016 0 0.031
0.016 0 0.015 0.031
0.016 0 0 0.016
0.016 0 0.015 0.031
0.015 0 0.016 0.031
0.015 0.016 0 0.031
0 0.015 0 0.015
0.015 0 0.016 0.031
0.015 0.016 0 0.031
0.016 0 0.015 0.031
0 0.016 0 0.016
0.016 0 0 0.016
0.109 1.297 0.047 1.453
0.015 0 0.016 0.031
0.016 0 0.015 0.031
0.016 0 0.015 0.031
