0.344 3.391 1.156 4.891
0.156 0.062 0 0.218
0.156 0.078 0.016 0.25
0.157 0.078 0.015 0.25
0.157 0.328 0.015 0.5
0.141 0.078 0.016 0.235
0.172 0.078 0.016 0.266
0.141 0.078 0.015 0.234
0.187 0.344 0.016 0.547
0.156 0.062 0.016 0.234
0.157 0.093 0.016 0.266
0.172 0.078 0 0.25
0.172 0.375 0.031 0.578
0.156 0.078 0.016 0.25
0.172 0.094 0.016 0.282
0.156 0.078 0 0.234
0.312 3.031 0.078 3.421
0.203 0.078 0.016 0.297
0.203 0.094 0 0.297
0.187 0.094 0.016 0.297
0.172 0.562 0.032 0.766
0.172 0.063 0.015 0.25
0.172 0.094 0.015 0.281
0.156 0.079 0.015 0.25
0.188 0.469 0.031 0.688
0.156 0.078 0.016 0.25
0.187 0.094 0.015 0.296
0.172 0.078 0.016 0.266
0.172 0.391 0.031 0.594
0.14 0.063 0.016 0.219
0.171 0.094 0.016 0.281
0.172 0.063 0.015 0.25
0.329 3.015 0.078 3.422
0.156 0.078 0.016 0.25
0.203 0.094 0.015 0.312
0.203 0.078 0.016 0.297
0.172 0.515 0.031 0.718
0.157 0.078 0 0.235
0.187 0.078 0.016 0.281
0.172 0.078 0.016 0.266
0.188 0.453 0.015 0.656
0.156 0.063 0.016 0.235
0.157 0.093 0.016 0.266
0.125 0.078 0.015 0.218
0.156 0.422 0.031 0.609
0.14 0.063 0.015 0.218
0.156 0.094 0.015 0.265
0.172 0.063 0.015 0.25
0.313 2.734 0.062 3.109
0.172 0.063 0.015 0.25
0.187 0.094 0.016 0.297
0.203 0.063 0 0.266
0.156 0.297 0.032 0.485
0.172 0.062 0.016 0.25
0.187 0.094 0.015 0.296
0.188 0.062 0 0.25
0.157 0.265 0.031 0.453
0.172 0.062 0.016 0.25
0.172 0.093 0.016 0.281
0.157 0.062 0.016 0.235
0.156 0.266 0.015 0.437
0.125 0.078 0.016 0.219
0.157 0.093 0.016 0.266
0.157 0.078 0.015 0.25
0.281 1.516 0.047 1.844
0.156 0.078 0.016 0.25
0.187 0.063 0.015 0.265
0.172 0.078 0.015 0.265
0.172 0.219 0.031 0.422
0.156 0.078 0 0.234
0.172 0.078 0.016 0.266
0.188 0.078 0 0.266
0.187 0.188 0.031 0.406
0.172 0.078 0.016 0.266
0.203 0.078 0.016 0.297
0.203 0.062 0.016 0.281
0.188 0.218 0.032 0.438
0.188 0.078 0 0.266
0.187 0.078 0.016 0.281
0.203 0.062 0.016 0.281
0.266 1.219 0.031 1.516
0.172 0.063 0.015 0.25
0.172 0.078 0 0.25
0.172 0.078 0 0.25
0.172 0.172 0.016 0.36
0.172 0.078 0.016 0.266
0.203 0.078 0.016 0.297
0.203 0.078 0 0.281
0.188 0.203 0.016 0.407
0.156 0.078 0.016 0.25
0.219 0.063 0.015 0.297
0.219 0.063 0.015 0.297
0.203 0.172 0.031 0.406
0.156 0.063 0.015 0.234
0.187 0.063 0.015 0.265
0.203 0.063 0.016 0.282
0.25 0.875 0.031 1.156
0.156 0.078 0 0.234
0.172 0.078 0 0.25
0.188 0.078 0 0.266
