0.343 3.485 1.187 5.015
0.157 0.062 0 0.219
0.156 0.079 0.015 0.25
0.156 0.078 0.016 0.25
0.157 0.359 0.016 0.532
0.14 0.078 0 0.218
0.172 0.078 0.016 0.266
0.14 0.078 0.016 0.234
0.187 0.329 0.015 0.531
0.156 0.063 0 0.219
0.172 0.078 0.016 0.266
0.172 0.078 0 0.25
0.187 0.359 0.016 0.562
0.157 0.078 0 0.235
0.172 0.078 0.016 0.266
0.156 0.079 0.015 0.25
0.328 3.031 0.047 3.406
0.203 0.078 0 0.281
0.188 0.093 0 0.281
0.203 0.078 0.016 0.297
0.172 0.562 0.016 0.75
0.172 0.062 0 0.234
0.187 0.078 0.016 0.281
0.171 0.079 0 0.25
0.188 0.468 0.016 0.672
0.156 0.078 0 0.234
0.171 0.11 0 0.281
0.172 0.078 0 0.25
0.194 0.422 0.016 0.632
0.141 0.078 0 0.219
0.171 0.11 0 0.281
0.156 0.078 0 0.234
0.312 3.188 0.031 3.531
0.172 0.093 0 0.265
0.234 0.094 0.016 0.344
0.203 0.094 0 0.297
0.172 0.531 0.016 0.719
0.156 0.063 0 0.219
0.187 0.079 0.015 0.281
0.171 0.079 0.015 0.265
0.187 0.438 0.015 0.64
0.157 0.062 0.016 0.235
0.157 0.093 0 0.25
0.14 0.079 0.015 0.234
0.172 0.406 0.031 0.609
0.125 0.078 0 0.203
0.157 0.093 0 0.25
0.172 0.062 0.016 0.25
0.312 2.75 0.031 3.093
0.188 0.062 0.016 0.266
0.188 0.094 0.015 0.297
0.188 0.062 0.016 0.266
0.157 0.297 0.015 0.469
0.172 0.062 0 0.234
0.188 0.094 0.015 0.297
0.188 0.062 0 0.25
0.14 0.282 0.015 0.437
0.172 0.078 0 0.25
0.172 0.109 0 0.281
0.141 0.078 0 0.219
0.157 0.265 0.016 0.438
0.141 0.062 0.016 0.219
0.172 0.078 0.016 0.266
0.156 0.078 0 0.234
0.297 1.515 0.031 1.843
0.156 0.078 0 0.234
0.172 0.078 0 0.25
0.172 0.078 0.016 0.266
0.156 0.235 0.015 0.406
0.156 0.062 0.016 0.234
0.187 0.063 0.015 0.265
0.188 0.078 0 0.266
0.203 0.188 0.015 0.406
0.188 0.078 0 0.266
0.218 0.079 0 0.297
0.203 0.063 0.015 0.281
0.187 0.219 0.031 0.437
0.187 0.078 0 0.265
0.188 0.078 0.015 0.281
0.188 0.078 0 0.266
0.265 1.219 0.031 1.515
0.172 0.062 0.016 0.25
0.172 0.078 0 0.25
0.172 0.062 0.016 0.25
0.172 0.172 0.016 0.36
0.172 0.078 0.015 0.265
0.218 0.078 0 0.296
0.219 0.062 0.016 0.297
0.203 0.187 0.016 0.406
0.172 0.078 0 0.25
0.203 0.079 0 0.282
0.203 0.078 0 0.281
0.203 0.172 0.015 0.39
0.156 0.063 0.016 0.235
0.188 0.062 0.016 0.266
0.203 0.078 0 0.281
0.25 0.875 0.016 1.141
0.172 0.078 0 0.25
0.172 0.078 0 0.25
0.187 0.079 0 0.266
