0.516 4.969 1.234 6.719
0.375 0.484 0.031 0.89
0.422 0.469 0.031 0.922
0.422 0.422 0.031 0.875
0.438 1.078 0.062 1.578
0.406 0.516 0.031 0.953
0.422 0.578 0.016 1.016
0.407 0.468 0.032 0.907
0.437 1.063 0.062 1.562
0.359 0.531 0.032 0.922
0.391 0.562 0.016 0.969
0.407 0.468 0.016 0.891
0.422 1.109 0.063 1.594
0.407 0.515 0.031 0.953
0.437 0.547 0.031 1.015
0.407 0.531 0.015 0.953
0.532 5.109 0.078 5.719
0.344 0.516 0.015 0.875
0.391 0.578 0.016 0.985
0.39 0.5 0.016 0.906
0.422 1.234 0.047 1.703
0.344 0.609 0.031 0.984
0.406 0.625 0.016 1.047
0.39 0.547 0.016 0.953
0.438 1.375 0.062 1.875
0.407 0.609 0.031 1.047
0.422 0.703 0.031 1.156
0.422 0.61 0.031 1.063
0.438 1.39 0.063 1.891
0.375 0.718 0.047 1.14
0.422 0.781 0.031 1.234
0.422 0.641 0.031 1.094
0.531 4.907 0.078 5.516
0.359 0.61 0.031 1
0.422 0.766 0.031 1.219
0.406 0.656 0.016 1.078
0.438 1.437 0.063 1.938
0.36 0.687 0.031 1.078
0.406 0.75 0.032 1.188
0.406 0.625 0.031 1.062
0.469 1.531 0.078 2.078
0.406 0.703 0.031 1.14
0.438 0.781 0.031 1.25
0.421 0.625 0.016 1.062
0.453 1.688 0.062 2.203
0.422 0.687 0.031 1.14
0.453 0.703 0.031 1.187
0.438 0.609 0.031 1.078
0.531 5.422 0.094 6.047
0.375 0.578 0.063 1.016
0.406 0.75 0.032 1.188
0.407 0.656 0.031 1.094
0.438 1.453 0.062 1.953
0.344 0.781 0.047 1.172
0.438 0.75 0.031 1.219
0.438 0.687 0.047 1.172
0.453 1.469 0.062 1.984
0.375 0.781 0.047 1.203
0.437 0.828 0.032 1.297
0.438 0.719 0.031 1.188
0.468 1.36 0.078 1.906
0.375 0.703 0.032 1.11
0.422 0.735 0.031 1.188
0.422 0.625 0.047 1.094
0.547 5.141 0.094 5.782
0.391 0.688 0.046 1.125
0.438 0.718 0.032 1.188
0.453 0.703 0.032 1.188
0.438 1.468 0.063 1.969
0.391 0.734 0.047 1.172
0.453 0.828 0.032 1.313
0.469 0.641 0.031 1.141
0.468 1.375 0.063 1.906
0.39 0.641 0.047 1.078
0.454 0.703 0.031 1.188
0.438 0.594 0.031 1.063
0.453 1.375 0.078 1.906
0.359 0.875 0.031 1.265
0.406 0.734 0.032 1.172
0.407 0.609 0.031 1.047
0.532 5.172 0.093 5.797
0.344 0.594 0.031 0.969
0.375 0.672 0.031 1.078
0.375 0.609 0.031 1.015
0.422 1.312 0.063 1.797
0.344 0.625 0.031 1
0.437 0.703 0.032 1.172
0.39 0.578 0.032 1
0.437 1.297 0.063 1.797
0.328 0.672 0.031 1.031
0.39 0.625 0.016 1.031
0.422 0.547 0.031 1
0.437 1.25 0.063 1.75
0.344 0.656 0.031 1.031
0.407 0.578 0.031 1.016
0.391 0.531 0.047 0.969
0.532 4.672 0.093 5.297
0.329 0.531 0.031 0.891
0.375 0.609 0.032 1.016
0.391 0.531 0.016 0.938
