0.532 4.953 1.328 6.813
0.36 0.5 0.015 0.875
0.406 0.484 0.016 0.906
0.437 0.422 0.485 1.344
0.437 1.094 0.219 1.75
0.422 0.515 0.563 1.5
0.422 0.563 0.64 1.625
0.422 0.469 0.016 0.907
0.437 1.079 0.031 1.547
0.344 0.547 0.015 0.906
0.422 0.547 0.015 0.984
0.391 0.531 0.016 0.938
0.437 1.094 0.047 1.578
0.406 0.516 0.015 0.937
0.453 0.547 0.015 1.015
0.406 0.516 0.031 0.953
0.531 5.282 0.078 5.891
0.344 0.5 0.031 0.875
0.375 0.563 0.016 0.969
0.407 0.484 0.031 0.922
0.407 1.234 0.047 1.688
0.354 0.596 0.031 0.981
0.406 0.625 0.016 1.047
0.39 0.547 0.047 0.984
0.453 1.375 0.047 1.875
0.39 0.61 0.031 1.031
0.422 0.688 0.047 1.157
0.406 0.625 0.031 1.062
0.437 1.407 0.046 1.89
0.375 0.719 0.031 1.125
0.421 0.782 0.015 1.218
0.422 0.641 0.031 1.094
0.531 4.891 0.093 5.515
0.359 0.609 0.032 1
0.422 0.766 0.031 1.219
0.406 0.656 0.031 1.093
0.453 1.422 0.047 1.922
0.359 0.688 0.031 1.078
0.406 0.75 0.015 1.171
0.406 0.625 0.016 1.047
0.453 1.515 0.047 2.015
0.391 0.625 0.015 1.031
0.438 0.781 0.016 1.235
0.437 0.61 0.028 1.075
0.454 1.515 0.031 2
0.437 0.688 0.031 1.156
0.453 0.703 0.015 1.171
0.438 0.609 0.031 1.078
0.531 5.406 0.047 5.984
0.375 0.593 0.032 1
0.406 0.75 0.016 1.172
0.39 0.672 0.031 1.093
0.437 1.453 0.047 1.937
0.359 0.781 0.032 1.172
0.438 0.781 0.016 1.235
0.438 0.719 0.031 1.188
0.468 1.454 0.046 1.968
0.375 0.781 0.031 1.187
0.438 0.828 0.016 1.282
0.437 0.719 0.031 1.187
0.453 1.359 0.047 1.859
0.375 0.703 0.031 1.109
0.437 0.734 0.016 1.187
0.438 0.625 0.031 1.094
0.547 5.187 0.063 5.797
0.375 0.687 0.032 1.094
0.438 0.734 0.016 1.188
0.438 0.703 0.031 1.172
0.437 1.531 0.047 2.015
0.39 0.734 0.032 1.156
0.469 0.812 0.016 1.297
0.484 0.641 0.031 1.156
0.469 1.562 0.047 2.078
0.39 0.657 0.031 1.078
0.453 0.734 0.032 1.219
0.422 0.593 0.032 1.047
0.469 1.375 0.031 1.875
0.359 0.875 0.031 1.265
0.406 0.735 0.031 1.172
0.406 0.61 0.015 1.031
0.532 5.156 0.062 5.75
0.344 0.594 0.031 0.969
0.375 0.687 0.016 1.078
0.375 0.625 0.031 1.031
0.438 1.297 0.047 1.782
0.36 0.64 0.035 1.036
0.422 0.703 0.016 1.141
0.391 0.578 0.031 1
0.438 1.312 0.032 1.782
0.328 0.672 0.016 1.016
0.391 0.625 0.016 1.032
0.406 0.547 0.031 0.984
0.437 1.266 0.031 1.734
0.344 0.656 0.032 1.032
0.407 0.578 0.015 1
0.391 0.547 0.015 0.953
0.546 4.704 0.078 5.328
0.344 0.531 0.016 0.891
0.39 0.61 0.015 1.015
0.39 0.516 0.031 0.937
