36.022
36.022
34.782
34.329
35.535
34.405
34.534
34.018
35.484
34.592
34.295
34.179
35.348
34.253
34.214
33.882
35.941
34.264
34.319
33.989
35.588
34.466
34.298
33.940
35.542
34.318
34.198
33.816
35.513
34.281
34.242
33.864
36.133
34.569
34.379
33.988
35.786
34.474
34.451
33.966
35.598
34.276
34.221
33.812
35.509
34.133
34.083
33.714
36.009
34.362
34.245
33.892
35.708
34.108
34.036
33.579
35.489
34.212
34.136
33.758
35.468
34.170
34.196
33.711
36.026
34.629
34.527
34.022
35.701
34.548
34.451
34.097
35.571
34.605
34.542
34.338
35.569
34.671
34.686
34.320
36.126
34.903
34.630
34.399
35.726
34.788
34.692
34.349
35.727
34.576
34.490
34.165
35.556
34.469
34.394
33.993
36.039
34.604
34.352
33.913
