36.461
35.194
34.739
34.205
35.652
34.674
34.360
33.864
35.566
34.572
34.252
33.774
35.478
34.524
34.216
33.857
36.420
35.129
34.754
34.178
35.706
34.698
34.378
33.890
35.570
34.624
34.307
33.833
35.497
34.523
34.193
33.716
36.326
35.003
34.600
34.038
35.537
34.490
34.154
33.619
35.325
34.308
33.985
33.453
35.181
34.142
33.806
33.348
36.082
34.655
34.243
33.670
35.347
34.221
33.923
33.430
35.236
34.145
33.826
33.351
35.133
34.108
33.807
33.307
36.087
34.681
34.321
33.888
35.384
34.290
34.007
33.534
35.215
34.203
33.967
33.469
35.239
34.148
33.922
33.484
36.104
34.749
34.353
33.835
35.345
34.322
34.059
33.619
35.256
34.297
34.009
33.565
35.174
34.218
33.980
33.523
36.108
34.759
34.465
34.077
