34.848
31.753
31.428
30.725
33.658
31.590
31.369
30.681
33.526
31.285
31.041
30.490
33.505
31.343
31.112
30.522
35.054
32.138
31.755
30.996
33.785
31.596
31.272
30.665
33.461
31.391
31.322
30.725
33.399
31.113
30.917
30.310
34.783
31.810
31.565
31.079
33.516
31.961
31.836
31.312
33.596
31.725
31.493
30.959
33.379
31.510
31.268
30.678
34.830
31.959
31.716
31.143
33.782
31.745
31.494
30.875
33.729
31.668
31.383
30.876
33.600
31.549
31.319
30.659
35.066
31.759
31.329
30.579
33.434
31.433
31.324
30.749
33.428
31.416
31.185
30.751
33.749
31.667
31.287
30.835
35.285
32.210
31.857
31.238
34.158
32.074
31.856
31.306
34.245
32.125
31.813
31.193
34.181
31.833
31.604
30.912
35.419
32.019
31.584
30.892
