40.126
39.493
39.259
39.136
39.499
39.232
39.047
38.938
39.464
39.085
38.954
38.915
39.330
39.097
38.966
38.877
40.063
39.297
39.203
39.090
39.653
39.244
39.081
39.059
39.565
39.252
39.074
39.089
39.533
39.146
39.061
39.032
40.200
39.490
39.314
39.307
39.932
39.402
39.090
38.995
39.725
39.101
38.814
38.834
39.640
38.907
38.601
38.755
40.037
39.367
39.210
39.125
39.701
39.251
39.140
39.010
39.622
39.205
39.144
38.911
39.547
39.133
39.057
38.766
40.013
39.410
39.296
39.056
39.690
39.333
39.203
39.090
39.604
39.394
39.302
39.145
39.516
39.263
39.236
39.095
40.019
39.609
39.436
39.249
39.762
39.351
39.228
39.089
39.649
39.199
39.052
38.995
39.560
39.228
39.149
38.924
39.981
39.383
39.310
39.164
