0.918
0.913
0.912
0.911
0.914
0.912
0.912
0.911
0.915
0.913
0.912
0.911
0.915
0.913
0.912
0.911
0.919
0.915
0.914
0.913
0.916
0.913
0.913
0.912
0.915
0.913
0.913
0.912
0.915
0.913
0.913
0.912
0.919
0.915
0.914
0.913
0.916
0.914
0.913
0.912
0.915
0.913
0.912
0.911
0.915
0.912
0.911
0.911
0.919
0.914
0.914
0.913
0.916
0.914
0.913
0.912
0.916
0.913
0.912
0.911
0.915
0.912
0.912
0.911
0.919
0.914
0.913
0.911
0.915
0.913
0.912
0.911
0.915
0.912
0.911
0.910
0.914
0.912
0.911
0.910
0.918
0.913
0.913
0.912
0.916
0.913
0.913
0.912
0.916
0.913
0.913
0.912
0.915
0.913
0.912
0.911
0.919
0.914
0.913
0.912
