0.958
0.945
0.942
0.938
0.954
0.942
0.940
0.936
0.953
0.941
0.939
0.935
0.952
0.940
0.939
0.934
0.958
0.944
0.942
0.937
0.953
0.940
0.938
0.933
0.952
0.938
0.936
0.930
0.950
0.936
0.934
0.929
0.957
0.940
0.937
0.932
0.952
0.936
0.935
0.930
0.951
0.936
0.935
0.930
0.952
0.936
0.934
0.929
0.958
0.940
0.938
0.932
0.952
0.936
0.934
0.928
0.952
0.937
0.935
0.929
0.952
0.936
0.935
0.930
0.959
0.940
0.939
0.933
0.954
0.938
0.938
0.932
0.954
0.939
0.938
0.932
0.954
0.939
0.937
0.932
0.960
0.943
0.942
0.936
0.955
0.941
0.940
0.934
0.955
0.941
0.939
0.934
0.955
0.941
0.939
0.934
0.961
0.945
0.943
0.937
