0.918
0.886
0.890
0.886
0.911
0.886
0.889
0.885
0.910
0.885
0.889
0.885
0.910
0.885
0.890
0.885
0.918
0.886
0.890
0.885
0.911
0.886
0.890
0.885
0.911
0.886
0.889
0.884
0.910
0.884
0.888
0.884
0.918
0.885
0.889
0.885
0.911
0.885
0.889
0.885
0.912
0.885
0.890
0.885
0.911
0.885
0.889
0.884
0.918
0.885
0.889
0.884
0.911
0.885
0.889
0.884
0.911
0.885
0.890
0.885
0.911
0.885
0.889
0.884
0.918
0.885
0.889
0.884
0.911
0.884
0.889
0.884
0.911
0.885
0.889
0.884
0.911
0.884
0.889
0.884
0.918
0.885
0.889
0.884
0.911
0.885
0.888
0.884
0.910
0.884
0.889
0.884
0.910
0.884
0.888
0.884
0.917
0.885
0.889
0.884
