40.097
39.311
39.258
38.861
39.629
39.109
38.943
38.583
39.498
38.988
38.912
38.545
39.512
38.940
38.756
38.457
40.096
39.336
39.189
38.853
39.688
39.054
38.898
38.456
39.509
38.903
38.756
38.379
39.400
38.921
38.722
38.477
39.959
39.355
39.252
38.950
39.581
39.130
39.037
38.806
39.477
39.159
39.072
38.933
39.483
39.183
39.075
38.893
39.911
39.453
39.333
39.105
39.646
39.305
39.225
38.970
39.573
39.245
39.069
38.789
39.499
39.171
39.044
38.783
40.006
39.511
39.363
39.121
39.748
39.346
39.204
38.923
39.714
39.378
39.161
38.896
39.660
39.092
38.906
38.616
39.985
39.400
39.130
38.731
39.626
38.986
38.806
38.453
39.523
38.923
38.744
38.400
39.398
38.870
38.760
38.429
39.951
39.307
39.214
38.948
