0.992
0.992
0.992
0.992
0.992
0.992
0.992
0.991
0.992
0.991
0.990
0.989
0.992
0.991
0.991
0.991
0.992
0.992
0.992
0.992
0.993
0.993
0.993
0.993
0.993
0.993
0.993
0.993
0.993
0.993
0.993
0.992
0.992
0.992
0.992
0.992
0.993
0.993
0.992
0.992
0.993
0.993
0.993
0.993
0.993
0.993
0.993
0.993
0.992
0.993
0.992
0.992
0.993
0.993
0.993
0.993
0.993
0.993
0.993
0.993
0.993
0.993
0.993
0.993
0.992
0.993
0.993
0.988
0.992
0.992
0.992
0.992
0.992
0.992
0.992
0.992
0.992
0.992
0.992
0.992
0.992
0.993
0.993
0.993
0.993
0.993
0.993
0.993
0.993
0.993
0.993
0.993
0.993
0.993
0.993
0.993
0.992
0.993
0.993
0.993
