41.448
40.189
39.550
38.965
40.571
39.611
39.168
38.652
40.550
39.666
39.219
38.707
40.578
39.682
39.232
38.712
41.470
40.225
39.610
39.020
40.751
39.841
39.357
38.850
40.726
39.822
39.354
38.842
40.695
39.808
39.389
38.917
41.623
40.386
39.767
39.225
40.872
39.928
39.471
38.981
40.820
39.883
39.400
38.876
40.735
39.851
39.406
38.888
41.526
40.202
39.624
39.079
40.750
39.802
39.345
38.823
40.680
39.789
39.315
38.812
40.677
39.780
39.325
38.810
41.530
40.314
39.693
39.093
40.778
39.831
39.370
38.869
40.793
39.855
39.389
38.841
40.692
39.766
39.326
38.813
41.541
40.294
39.699
39.117
40.854
39.853
39.418
38.903
40.880
39.913
39.455
38.943
40.828
39.852
39.400
38.853
41.565
40.243
39.665
39.079
