39.554
38.885
38.796
38.618
39.152
38.784
38.716
38.571
39.149
38.821
38.744
38.591
39.177
38.749
38.722
38.569
39.665
39.058
38.961
38.762
39.311
38.917
38.861
38.695
39.292
38.902
38.848
38.711
39.264
38.877
38.811
38.627
39.703
39.081
38.941
38.757
39.314
38.899
38.783
38.600
39.223
38.814
38.691
38.522
39.158
38.721
38.629
38.483
39.643
38.940
38.867
38.702
39.267
38.861
38.774
38.590
39.252
38.835
38.761
38.577
39.219
38.793
38.699
38.545
39.636
38.943
38.829
38.630
39.248
38.832
38.732
38.580
39.211
38.803
38.720
38.543
39.187
38.782
38.716
38.542
39.630
38.924
38.828
38.660
39.288
38.858
38.790
38.636
39.279
38.859
38.792
38.635
39.260
38.824
38.756
38.564
39.676
38.933
38.849
38.653
