0.939
0.916
0.913
0.906
0.930
0.912
0.910
0.904
0.928
0.912
0.909
0.904
0.927
0.911
0.910
0.904
0.939
0.916
0.913
0.907
0.930
0.914
0.911
0.906
0.929
0.913
0.911
0.905
0.929
0.912
0.910
0.905
0.940
0.917
0.915
0.908
0.931
0.915
0.912
0.907
0.930
0.914
0.912
0.906
0.929
0.913
0.911
0.905
0.940
0.918
0.915
0.909
0.932
0.916
0.913
0.907
0.931
0.914
0.913
0.907
0.930
0.914
0.912
0.905
0.941
0.918
0.915
0.909
0.932
0.915
0.914
0.907
0.931
0.914
0.913
0.907
0.930
0.913
0.911
0.905
0.941
0.918
0.915
0.908
0.933
0.916
0.913
0.907
0.932
0.915
0.912
0.906
0.931
0.915
0.911
0.905
0.942
0.919
0.916
0.910
