38.740
38.340
38.322
38.303
38.363
38.305
38.290
38.257
38.373
38.313
38.290
38.258
38.376
38.310
38.286
38.264
38.741
38.335
38.330
38.288
38.482
38.387
38.370
38.342
38.460
38.380
38.363
38.330
38.458
38.377
38.349
38.344
38.740
38.371
38.380
38.337
38.501
38.383
38.379
38.355
38.504
38.399
38.381
38.367
38.479
38.397
38.374
38.382
38.750
38.403
38.395
38.365
38.533
38.444
38.413
38.392
38.514
38.436
38.416
38.393
38.496
38.426
38.421
38.390
38.736
38.428
38.414
38.379
38.537
38.461
38.420
38.398
38.527
38.465
38.440
38.418
38.512
38.450
38.424
38.393
38.746
38.430
38.415
38.390
38.541
38.460
38.440
38.406
38.527
38.463
38.439
38.419
38.524
38.465
38.447
38.408
38.748
38.462
38.460
38.437
