38.439
36.136
36.406
36.080
37.855
36.137
36.390
36.071
37.824
36.123
36.393
36.091
37.832
36.129
36.410
36.111
38.419
36.184
36.417
36.097
37.904
36.158
36.408
36.119
37.900
36.144
36.402
36.069
37.872
36.111
36.369
36.073
38.412
36.130
36.399
36.101
37.922
36.152
36.415
36.121
37.934
36.148
36.424
36.119
37.903
36.137
36.401
36.081
38.418
36.127
36.406
36.095
37.930
36.137
36.408
36.098
37.911
36.149
36.430
36.140
37.913
36.145
36.394
36.087
38.436
36.164
36.430
36.117
37.931
36.148
36.417
36.121
37.927
36.174
36.436
36.129
37.932
36.172
36.439
36.134
38.460
36.203
36.457
36.152
37.968
36.212
36.451
36.167
37.963
36.222
36.486
36.190
37.953
36.226
36.485
36.196
38.467
36.261
36.508
36.215
