36.090
34.811
34.558
34.100
35.327
34.456
34.215
33.963
35.276
34.648
34.394
34.012
35.318
34.607
34.317
33.904
36.049
34.793
34.516
34.047
35.387
34.426
34.223
33.849
35.330
34.451
34.260
33.866
35.304
34.415
34.231
33.848
36.025
34.834
34.526
34.092
35.417
34.537
34.349
33.962
35.340
34.526
34.340
33.977
35.357
34.519
34.287
33.913
36.063
34.835
34.570
34.112
35.476
34.570
34.352
33.940
35.415
34.475
34.217
33.835
35.322
34.412
34.268
34.054
36.028
34.895
34.617
34.343
35.502
34.608
34.414
34.000
35.471
34.574
34.390
34.022
35.419
34.541
34.413
34.060
36.078
34.896
34.638
34.220
35.491
34.597
34.430
34.111
35.480
34.683
34.516
34.165
35.497
34.667
34.533
34.182
36.128
34.923
34.740
34.273
