35.880
34.579
34.309
33.799
35.092
34.131
33.872
33.421
34.909
34.031
33.778
33.194
34.910
33.914
33.618
33.138
35.939
34.367
34.090
33.456
35.052
33.778
33.560
33.077
34.890
33.586
33.277
32.677
34.679
33.234
32.964
32.623
35.884
33.856
33.449
32.977
35.058
33.408
33.066
32.386
34.737
33.090
32.807
32.212
34.571
33.049
32.715
32.199
35.853
33.835
33.487
32.762
34.905
33.168
33.060
32.594
34.907
33.445
33.218
32.681
34.956
33.454
33.303
32.670
36.106
33.833
33.560
32.836
35.111
33.381
33.135
32.547
34.881
33.253
33.047
32.473
34.770
33.379
33.216
32.830
36.123
34.198
33.995
33.451
35.469
33.994
33.562
32.933
35.212
33.567
33.299
32.763
35.037
33.743
33.440
32.940
36.156
34.300
33.753
33.180
