9.930
8.558
7.484
10.598
9.934
8.546
7.501
10.598
9.941
8.522
7.532
10.611
9.955
8.481
7.565
10.633
9.959
8.428
7.608
10.648
9.973
8.368
7.643
10.661
9.978
8.325
7.651
10.664
9.981
8.290
7.654
10.670
9.981
8.266
7.684
10.678
9.988
8.275
7.715
10.684
10.004
8.287
7.723
10.687
10.009
8.292
7.728
10.699
10.002
8.300
7.737
10.709
10.009
8.320
7.774
10.718
10.013
8.334
7.794
10.713
10.015
8.367
7.793
10.701
9.995
8.398
7.773
10.694
10.008
8.453
7.765
10.691
10.017
8.493
7.746
10.682
10.012
8.531
7.738
10.671
10.004
8.552
7.737
10.670
10.014
8.577
7.732
10.673
10.011
8.579
7.740
10.673
10.009
8.573
7.732
10.655
9.976
8.537
7.709
10.634
9.959
8.532
7.697
10.614
9.943
8.539
7.653
10.596
9.929
8.559
7.610
10.577
9.914
8.559
7.559
10.549
9.946
8.550
7.555
10.522
9.995
8.570
7.555
10.508
10.046
8.594
7.548
10.493
10.125
8.613
7.512
10.472
10.193
8.648
7.477
10.474
10.246
8.700
7.472
10.478
10.308
8.756
7.495
10.488
10.334
8.825
7.552
10.494
10.318
8.883
7.596
10.511
10.306
8.919
7.659
10.529
10.293
8.915
7.743
10.564
10.253
8.922
7.822
10.609
10.244
8.950
7.918
10.652
10.261
8.976
8.000
10.702
10.256
9.007
8.038
10.751
10.240
9.025
8.075
10.787
10.212
9.039
8.102
10.823
10.182
9.067
8.158
10.870
10.250
9.116
8.242
10.937
10.382
9.144
8.333
11.002
10.509
9.198
8.386
11.052
10.597
9.218
8.411
11.097
10.645
9.201
8.431
11.143
10.698
9.148
8.468
11.172
10.700
9.148
8.523
11.216
10.667
9.195
8.621
11.276
10.614
9.289
8.735
11.341
10.495
9.403
8.894
11.412
10.410
9.474
9.008
11.486
10.397
9.529
9.094
11.556
10.391
9.585
9.106
11.622
10.395
9.667
9.092
11.677
10.433
9.747
9.086
11.740
10.515
9.798
9.110
11.796
10.593
9.861
9.134
11.877
10.668
9.888
9.130
11.967
10.695
9.903
9.150
12.055
10.723
9.895
9.140
12.130
10.765
9.894
9.091
12.213
10.794
9.903
9.052
12.298
10.811
9.920
9.015
12.366
10.855
9.937
8.959
12.418
10.918
9.923
9.006
12.474
10.979
9.869
9.007
12.526
11.054
9.904
9.052
12.582
11.166
9.917
9.132
12.628
11.302
9.939
9.203
12.670
11.391
9.964
9.169
12.690
11.410
10.048
9.147
12.727
11.398
10.153
9.103
12.761
11.405
10.231
9.042
12.801
11.416
10.305
9.066
12.849
11.413
10.422
9.148
12.880
11.435
10.519
9.259
12.899
11.454
10.629
9.333
12.895
11.454
10.693
9.426
12.894
11.456
10.776
9.539
12.898
11.444
10.882
9.636
12.914
11.425
10.985
9.743
12.925
11.433
11.049
9.830
12.939
11.432
11.115
9.926
12.932
11.407
11.156
10.024
12.923
11.401
11.164
10.161
12.922
11.413
11.143
10.289
12.920
11.422
11.123
10.395
12.929
11.403
11.126
10.437
12.949
11.400
11.134
10.418
12.967
11.381
11.096
10.381
12.981
11.361
11.089
10.392
12.995
11.353
11.096
10.417
13.005
11.329
11.099
10.413
12.996
