1.000
1.000
0.960
0.983
0.960
0.975
0.965
0.977
0.955
0.966
0.952
0.958
0.946
0.958
0.945
0.958
0.941
0.951
0.940
0.950
0.936
0.948
0.935
0.948
0.933
0.943
0.930
0.941
0.930
0.940
0.929
0.941
1.000
1.000
0.930
0.930
0.932
0.927
0.926
0.924
0.925
0.920
0.921
0.919
0.921
0.918
0.920
0.916
0.923
0.916
0.919
0.914
0.920
0.913
0.918
0.913
0.922
0.913
0.920
0.912
0.918
0.912
0.917
0.911
1.000
1.000
0.923
0.924
0.923
0.924
0.920
0.922
0.921
0.919
0.919
0.917
0.918
0.914
0.918
0.913
0.923
0.915
0.919
0.913
0.919
0.912
0.918
0.911
0.923
0.912
0.919
0.909
0.919
0.909
0.918
0.909
1.000
1.000
0.929
0.928
0.935
0.923
0.931
0.919
0.931
0.919
0.928
0.917
0.927
0.916
0.926
0.915
0.929
0.917
0.922
0.915
0.920
0.913
0.917
0.912
0.924
0.914
0.920
0.911
0.919
0.911
0.916
0.910
1.000
1.000
0.946
0.945
0.944
0.945
0.942
0.941
0.942
0.941
0.936
0.938
0.935
0.936
0.930
0.933
0.932
0.935
0.929
0.933
0.926
0.933
0.922
0.933
0.927
0.931
0.922
0.930
0.921
0.929
0.920
0.928
1.000
1.000
0.946
0.958
0.947
0.956
0.940
0.952
0.946
0.949
0.940
0.947
0.934
0.946
0.930
0.945
0.931
0.945
0.927
0.944
0.924
0.944
0.922
0.944
0.928
0.947
0.924
0.945
0.924
0.943
0.921
0.944
1.000
1.000
0.950
0.976
0.957
0.972
0.953
0.969
