0.942
0.906
0.892
0.875
0.921
0.896
0.886
0.875
0.921
0.893
0.885
0.871
0.920
0.894
0.888
0.875
0.942
0.911
0.902
0.886
0.927
0.896
0.883
0.866
0.916
0.884
0.876
0.863
0.914
0.879
0.867
0.844
0.932
0.886
0.870
0.854
0.903
0.878
0.867
0.851
0.899
0.865
0.857
0.842
0.894
0.867
0.860
0.848
0.929
0.895
0.883
0.869
0.914
0.882
0.869
0.853
0.912
0.883
0.869
0.856
0.908
0.876
0.871
0.858
0.936
0.890
0.873
0.850
0.906
0.871
0.860
0.842
0.900
0.870
0.863
0.855
0.909
0.876
0.865
0.852
0.935
0.899
0.887
0.873
0.919
0.892
0.883
0.871
0.919
0.891
0.885
0.876
0.921
0.886
0.874
0.851
0.937
0.889
0.873
0.852
