38.551
38.551
38.551
38.467
38.810
38.359
38.167
37.858
38.634
37.835
37.609
36.820
38.414
37.946
38.160
38.104
38.507
38.921
38.922
38.915
39.166
39.165
39.152
39.053
39.188
39.188
39.187
39.187
39.187
38.933
38.980
38.896
38.455
39.024
39.024
39.024
39.248
39.246
38.977
38.843
39.201
38.796
38.774
38.774
39.149
39.149
39.153
39.141
38.484
39.231
38.881
38.974
39.309
39.179
39.221
39.193
39.314
38.999
39.016
39.019
39.302
39.311
39.311
39.288
38.477
39.367
39.371
36.156
38.711
38.704
38.700
38.678
38.800
38.795
38.594
38.594
38.857
38.847
38.856
38.841
38.411
39.224
39.221
39.237
39.328
39.320
39.312
39.311
39.343
39.333
39.341
39.339
39.345
39.336
39.336
39.338
38.389
39.346
39.341
39.344
