0.907
0.895
0.891
0.886
0.900
0.891
0.887
0.884
0.899
0.892
0.889
0.884
0.898
0.891
0.886
0.880
0.906
0.894
0.889
0.883
0.899
0.889
0.885
0.880
0.899
0.889
0.885
0.880
0.898
0.889
0.885
0.880
0.907
0.895
0.890
0.884
0.901
0.891
0.887
0.882
0.899
0.890
0.887
0.882
0.900
0.891
0.887
0.882
0.909
0.897
0.892
0.886
0.903
0.894
0.889
0.884
0.902
0.893
0.888
0.883
0.902
0.894
0.891
0.887
0.909
0.899
0.894
0.890
0.903
0.894
0.889
0.883
0.901
0.891
0.887
0.881
0.899
0.889
0.885
0.880
0.906
0.894
0.889
0.883
0.899
0.890
0.887
0.883
0.899
0.890
0.887
0.883
0.899
0.890
0.887
0.882
0.905
0.894
0.891
0.885
