40.430
37.308
36.978
36.129
39.137
36.680
36.661
36.092
39.212
36.858
36.740
35.980
38.942
36.589
36.513
35.907
40.068
37.210
37.021
36.319
39.294
36.933
36.842
36.324
39.455
37.201
37.096
36.389
39.453
37.111
36.989
36.303
40.333
37.352
36.976
36.340
39.216
36.902
36.842
36.244
39.226
36.958
36.935
36.285
39.213
36.850
36.867
36.267
40.415
37.258
37.060
36.325
39.339
37.022
36.898
36.195
39.171
37.053
37.017
36.379
39.360
36.992
36.871
36.225
40.205
37.493
37.345
36.603
39.320
37.073
36.999
36.455
39.291
37.128
37.098
36.465
39.342
37.041
36.936
36.409
40.275
37.488
37.316
36.552
39.350
37.085
36.984
36.281
39.199
37.104
36.994
36.423
39.315
37.101
36.921
36.259
40.177
37.657
37.413
36.737
