0.901
0.901
0.890
0.884
0.895
0.885
0.884
0.879
0.894
0.889
0.880
0.882
0.893
0.883
0.882
0.879
0.902
0.891
0.890
0.885
0.902
0.893
0.890
0.885
0.902
0.891
0.888
0.882
0.900
0.888
0.886
0.881
0.908
0.892
0.889
0.884
0.900
0.888
0.884
0.877
0.895
0.883
0.881
0.876
0.895
0.882
0.880
0.877
0.903
0.891
0.888
0.886
0.904
0.889
0.891
0.885
0.902
0.892
0.889
0.884
0.899
0.887
0.884
0.879
0.905
0.891
0.888
0.883
0.900
0.887
0.884
0.880
0.896
0.887
0.885
0.884
0.894
0.886
0.885
0.879
0.901
0.891
0.886
0.885
0.898
0.890
0.890
0.885
0.898
0.889
0.886
0.883
0.896
0.888
0.886
0.881
0.905
0.893
0.889
0.883
