41.243
38.215
38.112
37.532
40.303
37.950
37.956
37.395
40.237
37.911
37.901
37.310
40.184
37.821
37.897
37.273
41.122
38.062
38.043
37.390
40.220
37.656
37.667
37.042
40.008
37.413
37.400
36.733
39.781
37.205
37.257
36.676
40.785
37.459
37.514
36.861
39.918
37.279
37.351
36.745
39.871
37.254
37.382
36.795
39.928
37.294
37.401
36.772
40.954
37.537
37.564
36.908
39.956
37.307
37.343
36.678
39.930
37.316
37.351
36.713
39.913
37.262
37.381
36.795
40.992
37.511
37.627
36.985
40.049
37.414
37.568
36.937
40.068
37.572
37.614
37.006
40.101
37.597
37.689
37.089
41.165
37.987
38.038
37.346
40.300
37.798
37.899
37.307
40.328
37.869
37.887
37.242
40.274
37.890
37.889
37.253
41.271
38.100
38.085
37.367
