0.921
0.905
0.896
0.885
0.903
0.890
0.887
0.882
0.902
0.891
0.886
0.878
0.901
0.888
0.882
0.872
0.917
0.902
0.896
0.884
0.905
0.890
0.883
0.873
0.906
0.889
0.884
0.873
0.910
0.875
0.869
0.854
0.924
0.886
0.883
0.869
0.912
0.880
0.871
0.854
0.906
0.874
0.873
0.857
0.900
0.877
0.872
0.859
0.921
0.899
0.889
0.876
0.902
0.886
0.873
0.864
0.893
0.879
0.871
0.861
0.889
0.878
0.873
0.866
0.917
0.904
0.897
0.889
0.907
0.896
0.889
0.880
0.904
0.892
0.886
0.877
0.897
0.885
0.879
0.870
0.915
0.904
0.899
0.891
0.906
0.895
0.886
0.873
0.901
0.889
0.882
0.876
0.897
0.886
0.883
0.875
0.916
0.908
0.905
0.901
