0.963
0.960
0.959
0.957
0.960
0.958
0.957
0.955
0.960
0.957
0.956
0.954
0.959
0.956
0.955
0.953
0.962
0.959
0.958
0.956
0.959
0.956
0.955
0.952
0.958
0.956
0.954
0.952
0.958
0.956
0.955
0.954
0.962
0.959
0.959
0.957
0.960
0.957
0.956
0.955
0.959
0.957
0.957
0.957
0.959
0.958
0.957
0.956
0.962
0.960
0.960
0.958
0.960
0.959
0.958
0.957
0.960
0.958
0.957
0.955
0.959
0.958
0.957
0.955
0.962
0.960
0.960
0.958
0.961
0.960
0.959
0.957
0.961
0.959
0.958
0.957
0.960
0.958
0.957
0.954
0.962
0.960
0.958
0.955
0.960
0.957
0.956
0.954
0.959
0.957
0.955
0.953
0.958
0.956
0.955
0.954
0.963
0.960
0.959
0.958
