0.097
0.057
0.065
0.306
0.095
0.056
0.064
0.305
0.095
0.055
0.066
0.303
0.095
0.054
0.064
0.301
0.096
0.053
0.067
0.300
0.095
0.051
0.066
0.297
0.095
0.048
0.064
0.293
0.093
0.046
0.058
0.291
0.093
0.045
0.063
0.291
0.091
0.046
0.061
0.289
0.092
0.048
0.060
0.287
0.091
0.049
0.057
0.289
0.092
0.049
0.056
0.289
0.092
0.050
0.059
0.288
0.090
0.049
0.058
0.289
0.090
0.046
0.061
0.288
0.091
0.044
0.060
0.289
0.091
0.045
0.058
0.289
0.095
0.044
0.060
0.290
0.094
0.042
0.063
0.293
0.092
0.046
0.065
0.294
0.094
0.045
0.063
0.295
0.091
0.045
0.063
0.298
0.091
0.047
0.062
0.296
0.093
0.045
0.061
0.296
0.091
0.047
0.060
0.296
0.091
0.045
0.057
0.297
0.089
0.046
0.053
0.296
0.087
0.051
0.051
0.296
0.087
0.052
0.055
0.295
0.085
0.054
0.053
0.292
0.085
0.059
0.052
0.292
0.082
0.057
0.049
0.289
0.083
0.059
0.046
0.287
0.084
0.059
0.048
0.283
0.085
0.057
0.051
0.279
0.086
0.057
0.055
0.275
0.084
0.058
0.059
0.273
0.084
0.056
0.060
0.273
0.083
0.050
0.061
0.271
0.084
0.042
0.065
0.270
0.085
0.043
0.064
0.271
0.084
0.047
0.064
0.271
0.082
0.046
0.062
0.270
0.077
0.047
0.058
0.265
0.073
0.047
0.054
0.260
0.075
0.046
0.055
0.256
0.077
0.048
0.054
0.254
0.078
0.044
0.057
0.251
0.076
0.042
0.060
0.249
0.075
0.039
0.056
0.245
0.073
0.041
0.056
0.244
0.070
0.044
0.057
0.242
0.065
0.045
0.054
0.242
0.063
0.045
0.053
0.245
0.066
0.047
0.056
0.244
0.063
0.052
0.063
0.248
0.062
0.052
0.064
0.250
0.065
0.054
0.066
0.253
0.067
0.051
0.064
0.254
0.065
0.056
0.066
0.256
0.064
0.058
0.062
0.258
0.067
0.057
0.059
0.262
0.070
0.059
0.058
0.266
0.072
0.065
0.047
0.268
0.070
0.068
0.043
0.271
0.070
0.068
0.045
0.272
0.074
0.070
0.047
0.274
0.075
0.068
0.052
0.278
0.076
0.071
0.052
0.280
0.078
0.076
0.050
0.284
0.076
0.076
0.054
0.286
0.077
0.072
0.051
0.289
0.079
0.073
0.052
0.290
0.080
0.066
0.054
0.291
0.077
0.060
0.056
0.292
0.076
0.055
0.052
0.292
0.078
0.052
0.056
0.294
0.080
0.054
0.059
0.296
0.080
0.054
0.061
0.299
0.082
0.052
0.059
0.305
0.083
0.051
0.060
0.309
0.088
0.052
0.054
0.313
0.092
0.059
0.053
0.314
0.097
0.058
0.055
0.314
0.101
0.062
0.060
0.318
0.105
0.062
0.062
0.322
0.107
0.064
0.060
0.324
0.111
0.066
0.062
0.328
0.113
0.073
0.067
0.332
0.115
0.079
0.077
0.335
0.120
0.086
0.091
0.338
0.125
0.085
0.093
0.340
0.125
0.083
0.099
0.342
0.121
0.083
0.103
0.343
0.118
0.083
0.100
0.346
0.118
0.073
0.099
0.345
0.117
0.071
0.102
0.347
0.118
0.069
0.102
0.350
0.118
0.069
0.097
0.351
