0.944
0.935
0.934
0.930
0.938
0.932
0.930
0.926
0.938
0.931
0.930
0.925
0.939
0.931
0.929
0.925
0.945
0.935
0.932
0.927
0.941
0.931
0.930
0.925
0.940
0.930
0.927
0.923
0.940
0.931
0.927
0.922
0.946
0.932
0.925
0.916
0.937
0.923
0.918
0.910
0.935
0.922
0.918
0.909
0.935
0.921
0.917
0.910
0.945
0.929
0.924
0.914
0.936
0.918
0.911
0.902
0.929
0.915
0.909
0.901
0.928
0.913
0.908
0.900
0.937
0.917
0.913
0.903
0.927
0.910
0.904
0.895
0.922
0.906
0.902
0.894
0.920
0.907
0.903
0.897
0.932
0.918
0.915
0.909
0.926
0.915
0.909
0.900
0.924
0.908
0.902
0.893
0.918
0.906
0.903
0.899
0.934
0.921
0.916
0.910
