0.951
0.927
0.920
0.909
0.941
0.918
0.915
0.907
0.941
0.919
0.915
0.905
0.939
0.916
0.913
0.904
0.949
0.926
0.920
0.911
0.942
0.921
0.917
0.910
0.942
0.923
0.919
0.909
0.941
0.921
0.917
0.908
0.949
0.926
0.919
0.910
0.940
0.919
0.916
0.908
0.940
0.920
0.917
0.909
0.940
0.919
0.917
0.909
0.951
0.926
0.921
0.912
0.942
0.922
0.918
0.909
0.940
0.923
0.920
0.912
0.942
0.921
0.918
0.910
0.949
0.929
0.925
0.916
0.941
0.923
0.920
0.914
0.941
0.923
0.921
0.913
0.941
0.922
0.919
0.913
0.950
0.929
0.925
0.916
0.943
0.924
0.921
0.913
0.941
0.924
0.921
0.914
0.942
0.924
0.920
0.912
0.949
0.931
0.926
0.919
