0.000
0.000
20.525
24.918
20.401
23.151
20.859
23.674
19.827
21.748
19.580
20.921
19.003
20.975
18.987
20.965
18.647
20.160
18.558
20.124
18.318
19.983
18.251
19.951
18.121
19.542
17.936
19.335
17.929
19.350
17.906
19.459
0.000
0.000
17.965
18.814
18.044
18.653
17.721
18.371
17.710
18.289
17.496
18.235
17.430
18.151
17.341
18.046
17.549
18.041
17.348
17.963
17.365
17.908
17.281
17.900
17.490
17.977
17.377
17.926
17.259
17.942
17.219
17.863
0.000
0.000
17.618
18.612
17.569
18.718
17.372
18.547
17.486
18.373
17.322
18.249
17.268
18.063
17.264
18.040
17.586
18.155
17.351
18.039
17.352
17.960
17.314
17.964
17.560
18.002
17.380
17.818
17.316
17.813
17.295
17.833
0.000
0.000
17.977
18.729
18.353
18.296
18.099
18.139
18.084
18.123
17.906
18.015
17.855
17.992
17.810
17.894
17.961
18.092
17.565
17.980
17.459
17.899
17.345
17.821
17.728
17.912
17.532
17.799
17.439
17.774
17.306
17.697
0.000
0.000
19.316
19.310
19.063
19.262
18.809
19.034
18.947
19.057
18.506
18.906
18.428
18.664
18.157
18.476
18.395
18.643
18.172
18.498
18.007
18.484
17.762
18.461
18.098
18.417
17.778
18.255
17.745
18.240
17.647
18.135
0.000
0.000
19.451
20.511
19.432
20.206
18.861
19.874
19.340
19.424
18.889
19.296
18.559
19.254
18.309
19.353
18.457
19.326
18.146
19.343
17.952
19.463
17.750
19.647
18.217
20.060
17.905
19.916
17.891
19.475
17.711
19.707
0.000
0.000
19.883
23.387
20.273
23.052
19.826
22.618
