0.954
0.947
0.943
0.938
0.947
0.942
0.938
0.934
0.947
0.942
0.939
0.935
0.947
0.943
0.939
0.935
0.954
0.948
0.943
0.939
0.949
0.945
0.941
0.937
0.949
0.944
0.940
0.937
0.949
0.944
0.941
0.937
0.955
0.949
0.945
0.941
0.950
0.945
0.942
0.938
0.949
0.944
0.941
0.937
0.949
0.944
0.941
0.937
0.954
0.947
0.943
0.939
0.949
0.944
0.940
0.936
0.948
0.944
0.940
0.936
0.948
0.943
0.940
0.936
0.954
0.948
0.944
0.940
0.950
0.945
0.941
0.937
0.950
0.945
0.941
0.937
0.949
0.944
0.940
0.936
0.955
0.948
0.944
0.940
0.950
0.945
0.942
0.938
0.950
0.945
0.942
0.938
0.950
0.945
0.941
0.937
0.955
0.948
0.944
0.940
