0.902
0.898
0.897
0.897
0.898
0.897
0.897
0.897
0.898
0.897
0.897
0.897
0.898
0.897
0.897
0.897
0.902
0.898
0.898
0.897
0.899
0.898
0.898
0.898
0.899
0.898
0.898
0.898
0.899
0.898
0.898
0.898
0.902
0.898
0.898
0.898
0.899
0.898
0.898
0.898
0.899
0.898
0.898
0.898
0.899
0.898
0.898
0.898
0.902
0.898
0.898
0.898
0.899
0.899
0.898
0.898
0.899
0.898
0.898
0.898
0.899
0.898
0.898
0.898
0.902
0.899
0.898
0.898
0.899
0.899
0.898
0.898
0.899
0.899
0.899
0.899
0.899
0.899
0.898
0.898
0.902
0.899
0.898
0.898
0.899
0.899
0.899
0.898
0.899
0.899
0.898
0.898
0.899
0.899
0.899
0.898
0.902
0.899
0.899
0.899
