37.318
34.138
34.125
33.483
36.203
33.990
33.943
33.399
36.119
33.955
33.942
33.419
36.085
33.964
33.939
33.405
37.293
34.244
34.175
33.566
36.225
34.057
34.053
33.468
36.175
34.067
34.037
33.453
36.153
33.978
33.959
33.451
37.301
34.271
34.202
33.586
36.256
34.042
34.047
33.457
36.179
33.987
33.976
33.425
36.115
33.947
33.963
33.401
37.277
34.276
34.153
33.592
36.266
34.091
34.044
33.502
36.210
34.027
34.026
33.481
36.153
34.009
33.982
33.429
37.319
34.320
34.222
33.611
36.306
34.084
34.091
33.484
36.226
34.041
34.042
33.505
36.189
33.995
33.955
33.410
37.343
34.247
34.169
33.545
36.264
34.023
33.968
33.413
36.200
33.970
33.947
33.389
36.169
33.979
33.899
33.337
37.348
34.270
34.131
33.498
