0.956
0.953
0.952
0.951
0.953
0.951
0.950
0.950
0.952
0.950
0.950
0.949
0.952
0.950
0.949
0.949
0.955
0.951
0.951
0.951
0.953
0.951
0.950
0.951
0.953
0.951
0.950
0.950
0.953
0.950
0.949
0.949
0.956
0.952
0.951
0.951
0.955
0.952
0.949
0.949
0.953
0.949
0.947
0.947
0.952
0.948
0.947
0.947
0.955
0.952
0.951
0.951
0.953
0.951
0.950
0.950
0.952
0.950
0.950
0.948
0.952
0.950
0.950
0.948
0.955
0.952
0.951
0.950
0.953
0.951
0.951
0.950
0.952
0.951
0.950
0.949
0.952
0.951
0.950
0.950
0.955
0.953
0.953
0.952
0.954
0.952
0.952
0.951
0.953
0.951
0.951
0.950
0.952
0.951
0.951
0.950
0.955
0.953
0.952
0.951
