34.191
32.560
31.951
31.296
32.993
31.823
31.517
31.196
32.854
31.820
31.626
31.142
32.900
31.685
31.394
30.802
34.033
32.434
32.047
31.248
33.058
31.785
31.509
31.057
33.119
31.670
31.412
30.854
33.202
31.178
31.017
30.510
34.603
32.025
31.956
31.416
33.665
31.507
31.249
30.702
33.353
31.504
31.303
30.722
33.143
31.422
31.217
30.771
34.411
32.246
31.762
31.132
32.983
31.808
31.190
30.675
32.593
31.448
31.127
30.643
32.412
31.535
31.196
30.853
33.923
32.621
32.119
31.504
32.947
31.984
31.569
31.028
32.828
31.956
31.623
31.121
32.621
31.773
31.402
30.908
33.836
32.630
32.196
31.630
33.051
32.053
31.586
30.849
32.621
31.598
31.186
30.697
32.318
31.598
31.371
31.004
33.701
32.637
32.403
32.037
