0.917
0.905
0.898
0.890
0.907
0.897
0.892
0.885
0.906
0.896
0.890
0.883
0.904
0.894
0.888
0.882
0.917
0.903
0.898
0.890
0.908
0.897
0.891
0.884
0.905
0.895
0.889
0.881
0.903
0.892
0.887
0.880
0.916
0.902
0.896
0.888
0.906
0.895
0.888
0.880
0.904
0.892
0.886
0.878
0.902
0.891
0.885
0.878
0.917
0.902
0.894
0.885
0.907
0.893
0.887
0.879
0.904
0.891
0.886
0.878
0.903
0.891
0.885
0.878
0.918
0.904
0.897
0.891
0.909
0.896
0.892
0.884
0.905
0.894
0.889
0.882
0.905
0.893
0.888
0.881
0.918
0.905
0.898
0.891
0.908
0.897
0.892
0.885
0.906
0.895
0.890
0.883
0.905
0.894
0.890
0.883
0.917
0.904
0.899
0.893
