0.954
0.948
0.944
0.939
0.948
0.943
0.940
0.936
0.948
0.943
0.940
0.937
0.948
0.943
0.940
0.937
0.954
0.949
0.946
0.942
0.950
0.946
0.943
0.940
0.950
0.945
0.942
0.939
0.950
0.946
0.943
0.940
0.955
0.950
0.947
0.943
0.951
0.947
0.944
0.940
0.950
0.946
0.943
0.939
0.950
0.946
0.943
0.939
0.954
0.948
0.945
0.942
0.950
0.945
0.942
0.939
0.950
0.945
0.942
0.939
0.949
0.945
0.942
0.939
0.954
0.950
0.946
0.942
0.950
0.946
0.943
0.940
0.951
0.946
0.943
0.940
0.950
0.946
0.943
0.939
0.955
0.950
0.947
0.943
0.951
0.946
0.944
0.940
0.951
0.947
0.943
0.940
0.951
0.946
0.943
0.939
0.955
0.950
0.946
0.942
