38.439
36.163
36.422
36.112
37.858
36.163
36.425
36.127
37.833
36.154
36.424
36.139
37.840
36.162
36.442
36.141
38.419
36.287
36.547
36.241
37.990
36.267
36.531
36.205
37.979
36.240
36.510
36.176
37.960
36.209
36.476
36.184
38.412
36.266
36.549
36.244
38.027
36.262
36.553
36.240
38.028
36.260
36.546
36.233
38.017
36.235
36.505
36.194
38.418
36.271
36.564
36.239
38.034
36.244
36.541
36.235
38.018
36.261
36.550
36.254
38.029
36.256
36.533
36.215
38.436
36.288
36.580
36.263
38.047
36.266
36.553
36.256
38.040
36.298
36.571
36.259
38.042
36.280
36.567
36.264
38.460
36.327
36.618
36.318
38.077
36.331
36.602
36.309
38.064
36.343
36.618
36.318
38.064
36.354
36.626
36.320
38.467
36.390
36.655
36.364
