41.448
40.251
39.643
39.057
40.654
39.704
39.307
38.821
40.617
39.751
39.344
38.867
40.613
39.745
39.327
38.851
41.470
40.323
39.834
39.279
40.836
39.970
39.546
39.117
40.822
39.962
39.525
39.042
40.817
39.961
39.569
39.129
41.623
40.545
40.016
39.469
40.984
40.092
39.673
39.192
40.950
40.053
39.579
39.074
40.860
39.984
39.578
39.104
41.526
40.310
39.846
39.327
40.850
39.958
39.520
39.018
40.806
39.952
39.525
39.073
40.822
39.939
39.514
39.044
41.530
40.483
39.912
39.348
40.894
39.986
39.590
39.104
40.918
40.006
39.577
39.098
40.848
39.927
39.508
39.027
41.541
40.433
39.909
39.365
40.957
39.999
39.611
39.143
41.005
40.069
39.620
39.164
40.956
40.007
39.591
39.083
41.565
40.401
39.902
39.297
