38.740
38.339
38.329
38.320
38.376
38.315
38.305
38.283
38.384
38.322
38.310
38.301
38.388
38.315
38.305
38.286
38.741
38.600
38.588
38.525
38.613
38.561
38.537
38.523
38.600
38.543
38.519
38.493
38.603
38.535
38.519
38.514
38.740
38.647
38.636
38.612
38.662
38.590
38.608
38.579
38.661
38.579
38.570
38.562
38.646
38.585
38.574
38.561
38.750
38.676
38.656
38.620
38.697
38.635
38.620
38.600
38.686
38.620
38.600
38.588
38.668
38.609
38.608
38.589
38.736
38.674
38.677
38.644
38.717
38.660
38.648
38.624
38.713
38.660
38.644
38.614
38.702
38.647
38.641
38.605
38.746
38.692
38.695
38.658
38.731
38.670
38.666
38.641
38.719
38.661
38.671
38.651
38.721
38.663
38.654
38.638
38.748
38.693
38.709
38.696
