0.958
0.945
0.943
0.939
0.954
0.943
0.941
0.937
0.953
0.942
0.940
0.937
0.953
0.942
0.941
0.936
0.958
0.945
0.943
0.939
0.954
0.941
0.939
0.935
0.952
0.939
0.937
0.932
0.951
0.937
0.936
0.932
0.957
0.941
0.939
0.934
0.952
0.938
0.936
0.932
0.952
0.937
0.936
0.932
0.953
0.938
0.937
0.932
0.958
0.941
0.939
0.933
0.953
0.937
0.936
0.931
0.953
0.938
0.937
0.932
0.953
0.938
0.937
0.933
0.959
0.941
0.940
0.935
0.954
0.940
0.939
0.934
0.954
0.941
0.939
0.935
0.955
0.941
0.939
0.935
0.960
0.944
0.943
0.937
0.956
0.942
0.941
0.937
0.955
0.942
0.941
0.936
0.955
0.942
0.941
0.937
0.961
0.946
0.944
0.939
