0.008
0.003
0.004
0.007
0.004
0.003
0.003
0.003
0.002
0.002
0.011
0.006
0.003
0.222
0.004
0.003
0.030
0.011
0.009
0.227
0.011
0.009
0.014
0.014
0.012
0.233
0.011
0.012
0.015
0.015
0.003
0.024
0.078
0.021
0.036
0.032
0.030
0.030
0.009
0.012
0.030
0.031
0.012
0.033
0.017
0.019
0.030
0.030
0.061
0.052
0.066
0.048
0.041
0.030
0.024
0.051
0.036
0.046
0.036
0.035
0.031
0.051
0.033
0.046
0.031
0.032
0.061
0.064
0.038
0.032
0.040
0.037
0.040
0.055
0.036
0.034
0.040
0.036
0.036
0.055
0.032
0.034
0.039
0.036
0.031
0.054
0.034
0.034
0.039
0.035
0.038
0.052
0.036
0.032
0.041
0.035
0.040
0.053
0.033
0.034
