0.918
0.887
0.891
0.886
0.911
0.887
0.890
0.886
0.910
0.886
0.890
0.886
0.910
0.886
0.890
0.886
0.918
0.888
0.892
0.888
0.913
0.888
0.892
0.887
0.912
0.887
0.891
0.886
0.912
0.886
0.890
0.886
0.918
0.888
0.892
0.887
0.913
0.887
0.892
0.887
0.913
0.888
0.892
0.887
0.913
0.887
0.891
0.887
0.918
0.888
0.892
0.887
0.913
0.887
0.892
0.887
0.912
0.887
0.892
0.887
0.913
0.887
0.891
0.886
0.918
0.888
0.892
0.887
0.913
0.887
0.891
0.887
0.913
0.887
0.891
0.886
0.912
0.886
0.891
0.886
0.918
0.887
0.892
0.887
0.912
0.887
0.891
0.886
0.912
0.887
0.891
0.886
0.912
0.887
0.891
0.886
0.917
0.887
0.891
0.887
