6.959
6.587
6.352
6.389
6.365
6.348
5.901
6.289
6.074
6.264
6.238
6.647
6.347
6.201
6.196
6.202
8.394
6.595
6.892
6.178
6.178
6.633
6.236
6.599
6.549
6.324
6.005
6.656
6.237
6.587
6.296
6.314
6.967
6.867
8.575
6.746
6.880
6.363
6.193
6.793
8.517
6.748
6.552
6.530
6.807
6.914
6.224
6.690
6.500
6.494
6.456
6.781
6.330
6.668
6.793
6.426
6.455
6.767
8.152
6.720
6.747
6.466
6.767
6.956
8.024
7.741
6.577
7.154
6.763
6.952
6.504
7.879
6.774
7.469
6.622
7.045
6.517
7.868
7.051
7.434
5.163
6.960
8.183
7.831
7.452
7.332
6.713
6.899
8.254
7.841
6.582
7.350
7.185
6.873
6.352
7.839
6.531
7.288
5.175
6.838
