5.464
5.464
5.387
5.107
5.164
5.169
5.136
5.097
5.126
5.178
5.342
5.316
5.135
5.101
5.065
5.098
5.786
5.308
5.321
5.295
5.084
5.090
5.075
5.128
5.145
5.212
5.142
5.168
5.122
5.066
5.043
5.054
5.086
5.085
5.550
4.983
5.016
4.984
4.993
5.002
4.978
4.912
4.957
4.913
4.907
4.933
4.886
4.845
5.197
4.889
4.926
4.895
4.846
4.810
4.838
4.845
4.883
4.863
4.818
4.768
4.805
4.794
4.785
4.804
5.245
4.739
5.051
4.759
4.749
4.795
4.745
4.750
5.013
4.733
4.790
4.787
4.726
4.721
4.730
4.746
4.891
4.781
5.151
4.712
4.751
4.736
4.744
4.771
5.141
4.909
4.979
4.751
4.738
4.768
4.786
4.896
5.766
4.806
4.868
4.759
