0.902
0.898
0.898
0.898
0.898
0.897
0.897
0.897
0.898
0.898
0.898
0.898
0.898
0.897
0.898
0.897
0.902
0.901
0.900
0.900
0.900
0.900
0.900
0.900
0.900
0.900
0.900
0.900
0.900
0.900
0.900
0.900
0.902
0.901
0.901
0.901
0.901
0.900
0.901
0.900
0.901
0.900
0.900
0.900
0.900
0.900
0.900
0.900
0.902
0.901
0.901
0.901
0.901
0.901
0.900
0.900
0.901
0.900
0.900
0.900
0.901
0.900
0.900
0.900
0.902
0.901
0.901
0.901
0.901
0.901
0.901
0.901
0.901
0.901
0.901
0.901
0.901
0.901
0.901
0.901
0.902
0.901
0.901
0.901
0.901
0.901
0.901
0.901
0.901
0.901
0.901
0.901
0.901
0.901
0.901
0.901
0.902
0.901
0.902
0.901
