0.036
0.036
0.031
0.008
0.013
0.014
0.012
0.009
0.012
0.017
0.030
0.029
0.014
0.012
0.010
0.014
0.097
0.036
0.038
0.035
0.018
0.020
0.015
0.024
0.029
0.033
0.028
0.032
0.030
0.025
0.024
0.027
0.037
0.033
0.087
0.026
0.025
0.023
0.025
0.033
0.031
0.026
0.029
0.021
0.024
0.032
0.029
0.025
0.093
0.031
0.037
0.035
0.029
0.027
0.024
0.030
0.036
0.036
0.030
0.027
0.030
0.029
0.030
0.033
0.117
0.034
0.088
0.031
0.034
0.041
0.038
0.041
0.086
0.031
0.040
0.043
0.037
0.036
0.034
0.037
0.049
0.044
0.105
0.039
0.042
0.038
0.039
0.043
0.104
0.062
0.085
0.040
0.037
0.041
0.041
0.062
0.194
0.059
0.054
0.044
