0.641
0.640
0.021
0.001
0.013
0.009
0.016
0.002
0.009
0.632
0.022
0.006
0.006
0.018
0.010
0.631
0.423
0.017
0.632
0.046
0.053
0.634
0.632
0.171
0.629
0.087
0.022
0.630
0.626
0.172
0.035
0.087
0.083
0.642
0.436
0.188
0.050
0.099
0.058
0.641
0.440
0.189
0.643
0.094
0.068
0.068
0.640
0.178
0.637
0.088
0.066
0.108
0.602
0.179
0.045
0.094
0.066
0.606
0.440
0.177
0.063
0.096
0.069
0.607
0.417
0.176
0.169
0.094
0.063
0.594
0.602
0.178
0.161
0.090
0.046
0.593
0.601
0.177
0.059
0.094
0.041
0.593
0.423
0.168
0.046
0.090
0.056
0.580
0.417
0.168
0.154
0.090
0.056
0.582
0.389
0.382
0.495
0.143
0.043
0.579
