41.243
38.311
38.195
37.690
40.333
38.072
38.078
37.558
40.273
38.016
38.011
37.501
40.226
37.975
38.012
37.463
41.122
38.168
38.163
37.579
40.265
37.833
37.800
37.222
40.072
37.584
37.551
36.953
39.876
37.370
37.379
36.877
40.785
37.596
37.641
37.045
39.967
37.429
37.434
36.920
39.926
37.430
37.500
36.983
39.986
37.451
37.526
37.005
40.954
37.671
37.677
37.057
40.003
37.428
37.452
36.911
39.979
37.438
37.482
36.928
39.956
37.434
37.514
37.022
40.992
37.676
37.743
37.159
40.079
37.559
37.691
37.135
40.114
37.709
37.736
37.217
40.161
37.759
37.818
37.310
41.165
38.116
38.136
37.537
40.350
37.955
38.048
37.491
40.379
37.993
38.022
37.451
40.336
38.016
38.013
37.432
41.271
38.240
38.182
37.541
