39.554
38.911
38.853
38.699
39.168
38.803
38.763
38.646
39.177
38.857
38.800
38.676
39.228
38.902
38.866
38.748
39.665
39.160
39.086
38.923
39.419
39.084
39.048
38.907
39.409
39.050
38.994
38.836
39.380
39.008
38.957
38.785
39.703
39.170
39.102
38.891
39.396
39.011
38.923
38.728
39.318
38.918
38.809
38.641
39.250
38.844
38.748
38.600
39.643
39.034
38.989
38.840
39.378
38.997
38.935
38.772
39.358
38.986
38.925
38.763
39.337
38.923
38.838
38.679
39.636
39.048
38.999
38.808
39.350
38.965
38.885
38.741
39.319
38.925
38.856
38.696
39.284
38.901
38.846
38.679
39.630
39.033
38.993
38.835
39.385
38.998
38.937
38.789
39.374
38.985
38.923
38.766
39.365
38.967
38.887
38.701
39.676
39.048
38.986
38.791
