8.338
8.323
8.325
8.343
8.341
8.360
8.377
8.386
8.385
8.387
8.645
8.371
8.334
7.367
8.332
8.333
8.574
8.348
8.312
7.382
8.323
8.313
8.332
8.299
8.309
7.423
8.322
8.340
8.372
8.372
8.333
9.463
8.482
8.363
8.655
8.399
8.397
9.472
8.319
8.325
8.619
8.367
8.296
9.451
8.309
8.320
8.377
8.374
8.384
9.554
8.452
8.430
8.437
8.364
8.339
9.539
8.385
8.409
8.644
8.367
8.352
9.524
8.358
8.380
8.498
8.351
8.361
9.567
8.371
8.315
8.410
8.376
8.312
9.463
8.362
8.343
8.391
8.356
8.354
9.421
8.302
8.300
8.594
8.330
8.313
9.413
8.327
8.330
8.619
8.361
8.301
9.417
8.321
8.310
8.362
8.329
8.285
9.415
8.330
8.319
