0.067
0.037
0.023
0.025
0.025
0.025
0.004
0.029
0.013
0.027
0.023
0.038
0.026
0.023
0.022
0.027
0.163
0.041
0.072
0.023
0.022
0.052
0.026
0.039
0.036
0.027
0.014
0.052
0.024
0.038
0.026
0.027
0.064
0.061
0.164
0.050
0.072
0.030
0.025
0.061
0.155
0.049
0.037
0.038
0.050
0.063
0.025
0.043
0.038
0.039
0.039
0.052
0.032
0.045
0.072
0.035
0.038
0.055
0.137
0.044
0.062
0.031
0.045
0.059
0.144
0.096
0.035
0.076
0.042
0.056
0.031
0.098
0.041
0.104
0.037
0.058
0.030
0.095
0.072
0.104
0.504
0.054
0.138
0.095
0.180
0.098
0.040
0.054
0.142
0.101
0.039
0.101
0.065
0.056
0.031
0.102
0.036
0.100
0.504
0.053
