0.319
0.056
0.013
0.010
0.012
0.010
0.022
0.013
0.012
0.010
0.012
0.010
0.023
0.012
0.017
0.011
0.019
0.012
0.019
0.012
0.028
0.013
0.051
0.017
0.024
0.012
0.023
0.012
0.026
0.012
0.025
0.012
0.055
0.016
0.064
0.017
0.133
0.026
0.133
0.025
0.129
0.025
0.109
0.022
0.047
0.014
0.064
0.017
0.133
0.027
0.132
0.026
0.124
0.025
0.113
0.022
0.049
0.014
0.073
0.019
0.076
0.018
0.133
0.026
0.128
0.028
0.112
0.024
0.045
0.015
0.071
0.019
0.075
0.019
0.097
0.023
0.135
0.027
0.113
0.024
0.056
0.017
0.072
0.019
0.137
0.029
0.123
0.027
0.136
0.027
0.113
0.024
0.052
0.015
0.078
0.020
0.218
0.044
0.182
0.035
0.126
0.027
0.111
0.025
0.062
0.018
0.083
0.021
0.089
0.022
0.155
0.032
0.153
0.033
0.115
0.027
0.056
0.017
0.083
0.021
0.092
0.022
0.154
0.032
0.142
0.031
0.135
0.027
0.056
0.017
0.080
0.020
0.087
0.021
0.148
0.034
0.118
0.031
0.147
0.100
0.059
0.019
0.084
0.022
0.088
0.022
0.110
0.028
0.145
0.037
0.142
0.103
0.059
0.019
0.083
0.023
0.090
0.025
0.115
0.030
0.313
0.060
0.243
0.113
0.161
0.032
0.168
0.032
0.117
0.023
0.149
0.030
0.137
0.032
0.178
0.105
0.120
0.023
0.160
0.031
0.086
0.022
0.148
0.030
0.154
0.033
0.175
0.108
0.181
0.034
0.185
0.034
0.140
0.038
0.152
0.035
0.319
0.067
0.238
0.124
