8.633
7.933
6.982
7.671
7.005
7.653
7.049
7.703
6.973
7.655
6.965
7.651
7.047
7.679
7.010
7.670
7.001
7.683
6.998
7.691
7.077
7.712
7.165
7.765
7.006
7.686
7.027
7.690
7.063
7.689
7.049
7.690
7.261
7.689
7.231
7.800
7.591
7.860
7.609
7.853
7.615
7.838
7.517
7.794
7.166
7.758
7.223
7.802
7.606
7.856
7.600
7.845
7.553
7.837
7.521
7.793
7.165
7.742
7.298
7.808
7.323
7.790
7.592
7.863
7.610
7.860
7.515
7.847
7.141
7.795
7.253
7.839
7.307
7.832
7.440
7.886
7.637
7.925
7.532
7.890
7.234
7.830
7.308
7.851
7.620
7.953
7.589
7.955
7.674
7.925
7.556
7.879
7.218
7.813
7.392
7.868
8.081
7.949
7.895
7.962
7.592
7.903
7.540
7.870
7.265
7.813
7.390
7.853
7.444
7.858
7.765
7.976
7.739
7.986
7.535
7.900
7.247
7.808
7.377
7.877
7.417
7.886
7.733
8.026
7.690
7.968
7.685
7.919
7.315
7.664
7.401
7.838
7.445
7.839
7.769
7.985
7.616
7.936
7.909
8.383
7.269
7.784
7.421
7.831
7.490
7.809
7.625
7.880
7.768
7.982
7.929
8.348
7.334
7.739
7.443
7.807
7.483
7.810
7.610
7.879
8.555
8.169
8.372
8.474
7.786
7.931
7.843
7.945
7.625
7.791
7.823
7.874
7.789
7.891
8.151
8.336
7.695
7.776
7.815
7.910
7.504
7.771
7.835
7.906
7.905
7.973
8.133
8.387
8.184
7.969
8.175
8.013
7.794
7.924
7.911
7.973
8.793
8.441
8.477
8.582
