8.009
8.018
4.352
4.151
4.262
4.224
4.255
4.150
4.218
7.831
4.341
4.192
4.190
4.266
4.234
7.816
8.145
4.334
7.833
4.633
4.780
7.819
7.808
5.552
7.726
5.005
4.392
7.780
7.764
5.546
4.591
5.000
4.870
7.910
8.378
5.606
4.669
5.053
4.819
7.887
8.399
5.606
7.892
5.026
4.864
4.905
7.908
5.513
7.929
5.031
4.838
5.356
7.528
5.546
4.656
5.047
4.832
7.583
8.527
5.532
4.885
5.057
4.950
7.598
8.187
5.515
5.678
5.046
4.923
7.402
7.543
5.519
5.594
5.041
4.706
7.394
7.538
5.514
4.893
5.105
4.614
7.373
8.237
5.448
4.799
5.080
4.885
7.280
8.129
5.462
5.554
5.078
4.887
7.287
7.633
7.646
7.950
5.497
4.594
7.248
